0 339 municipal_humanCapital_bolivia_PCA POLY_ID
1 212        0.953176367
1 202         1.07318136
1 218         1.36655288
1 204          1.2184519
1 206         1.14442776
1 203         1.32769672
1 168         1.34325426
1 194         1.35689306
1 278         1.29337976
1 281         1.07380781
1 277         1.31912467
1 13         1.00642273
1 14         1.23246133
1 10         1.17400238
1 232         1.13825281
1 228         1.14680445
1 227        0.950943611
1 201        0.887699072
1 199        0.762900708
1 208        0.748169587
1 200         0.69366673
1 209        0.409938762
1 210        0.773990849
1 213        0.520157477
1 211        0.363497115
1 279          1.0966044
1 119        0.848188103
1 8        0.626416121
1 6        0.593810594
1 299         1.09928518
1 9        0.729733968
1 20         1.27241763
1 17        0.387079702
1 7        0.401144882
1 120        0.937866005
1 234         1.17118953
1 233         1.32337974
1 214        0.933620518
1 125         1.28092785
1 153        0.897846372
1 147          1.3555347
1 155         1.22473911
1 154         1.04772805
1 127         1.27890702
1 149         1.26175582
1 160         1.35194429
1 215         0.85620005
1 3        0.343416793
1 229        0.836177113
1 18        0.355099522
1 118        0.631611801
1 207        0.521010313
1 2        0.287690351
1 23        0.950558527
1 12         0.88701233
1 5         1.08196086
1 11        0.787779969
2 212         1.06618207
2 202        0.948816667
2 204         1.35517887
2 206         1.23947747
2 168         1.37012992
2 194         1.32671762
2 281         1.16917068
2 4         1.26755889
2 13        0.914716036
2 14          1.0939351
2 10         1.11409416
2 232        0.925851773
2 228        0.877142334
2 227        0.665654812
2 217         1.13701309
2 201        0.728255523
2 199        0.553715364
2 208        0.488939868
2 200        0.641613266
2 209        0.289417221
2 210        0.856972561
2 213        0.604949267
2 211        0.558771774
2 279         1.29072684
2 119         1.06501532
2 8        0.763575131
2 6        0.584967092
2 299         1.35427391
2 9        0.571447384
2 20         1.00453547
2 17        0.369831567
2 7        0.598808479
2 120         1.21283256
2 214          1.1300058
2 153         1.17929672
2 154         1.31140126
2 215          1.1051504
2 3        0.615121151
2 229        0.571187953
2 18         0.19569191
2 118        0.915944265
2 1        0.287690351
2 207        0.236127991
2 23         1.00274234
2 12          0.7672309
2 5        0.890878065
2 11        0.772547156
3 133         1.33880698
3 132         1.19209854
3 212        0.770817563
3 202         1.16498553
3 134         1.26674051
3 218         1.08298078
3 130         1.30306849
3 204        0.987700844
3 206         0.96831064
3 162         1.29192898
3 124         1.15218119
3 219         1.28626388
3 205         1.21478486
3 203          1.1467461
3 168         1.23658828
3 194         1.31761438
3 283         1.35991326
3 278         1.29644152
3 281         1.20234248
3 13         1.29588348
3 232         1.32883378
3 227         1.25509669
3 201         1.03558341
3 199        0.975633921
3 208         1.01603969
3 200         0.75487616
3 209        0.615070054
3 210        0.655416806
3 213         0.46770179
3 211        0.221128932
3 279         1.08384931
3 298         1.25695293
3 119        0.817155421
3 8        0.757741062
3 6        0.861553227
3 299        0.955632156
3 9         1.05810525
3 17        0.689662218
3 7        0.510002961
3 120        0.738794024
3 234        0.850283057
3 233         1.00321226
3 214        0.647319065
3 156         1.16168446
3 157         1.08002367
3 125        0.942355647
3 158         1.22732452
3 136         1.11170521
3 135         1.17707179
3 137         1.25722545
3 126         1.26228252
3 148         1.14676473
3 153        0.566895237
3 147         1.06309781
3 155        0.883161988
3 154        0.704339199
3 127        0.935691865
3 149        0.940089704
3 160          1.0085411
3 159         1.06327859
3 129         1.05145239
3 128         1.08423136
3 215        0.519263876
3 229         1.17764998
3 18        0.697039401
3 118        0.410145818
3 1        0.343416793
3 207        0.851122019
3 2        0.615121151
3 23         1.13421307
3 12         1.19533204
3 11         1.04067966
4 247         1.08498531
4 13        0.751558221
4 14        0.514829983
4 10        0.851277576
4 15        0.394763633
4 16        0.591288079
4 273        0.905903148
4 27        0.693291482
4 275        0.956353779
4 270        0.888148146
4 274         1.21816749
4 276         1.36573117
4 249         1.27078516
4 28        0.994447486
4 228         1.23249626
4 227         1.01403312
4 217         1.01358762
4 208         1.24445067
4 22        0.550614369
4 6         1.08382611
4 9        0.781651505
4 20        0.466851642
4 17         1.16224434
4 248         1.25844864
4 229        0.734973961
4 18         1.13378373
4 207         1.07450275
4 2         1.26755889
4 19        0.836839413
4 24         1.17412956
4 23         1.23666084
4 12         0.72632101
4 5        0.429026437
4 11         1.02239783
4 21        0.432348578
4 25        0.702316695
5 281         1.07557374
5 277         1.16750906
5 4        0.429026437
5 13        0.388474456
5 14        0.297715991
5 10        0.564508121
5 15        0.543773599
5 16        0.990380858
5 273         1.16482781
5 27        0.768920247
5 275         1.10556608
5 270        0.916828982
5 274         1.12481237
5 28         1.35167588
5 228           1.117736
5 227        0.844859364
5 217         1.04476668
5 199          1.1837712
5 208        0.995235988
5 209         1.13884903
5 22        0.840904081
5 8        0.995290404
5 6        0.656413926
5 9        0.358081644
5 20        0.514681355
5 17         0.73791236
5 7         1.06911849
5 229        0.461386327
5 18        0.733329778
5 1         1.08196086
5 207        0.736169071
5 2        0.890878065
5 19         1.02112835
5 23         0.86102901
5 12        0.310995281
5 11        0.614933084
5 21        0.818599221
5 25         1.09766867
6 282         1.33695697
6 284         1.33089238
6 283         1.20737279
6 285         1.06629227
6 278         1.00772518
6 281        0.616867635
6 280         1.05270767
6 277         0.82306073
6 4         1.08382611
6 13        0.437223171
6 14        0.698317668
6 10        0.582021464
6 15         1.07790237
6 27         1.17028679
6 270         1.22563903
6 274         1.21617078
6 228         1.30870325
6 227         1.03336812
6 201         1.30580695
6 199         1.11215107
6 208        0.991627567
6 200         1.21683538
6 209        0.870221712
6 210         1.36361375
6 213         1.10638396
6 211        0.952445176
6 279        0.877615279
6 298         1.35010752
6 119        0.740799369
6 8        0.350458928
6 299         1.10547286
6 9        0.342357516
6 20         1.05410691
6 17        0.221919577
6 7        0.425063095
6 120         1.07722737
6 153         1.29796404
6 215         1.36729332
6 3        0.861553227
6 229        0.699157556
6 18         0.39913619
6 118        0.905721942
6 1        0.593810594
6 207        0.632669343
6 2        0.584967092
6 23        0.426061546
6 12        0.367553407
6 5        0.656413926
6 11        0.195794643
7 212         1.26808293
7 282         1.28191493
7 284         1.17464243
7 283         1.02540691
7 285         1.03024576
7 278        0.893147551
7 281        0.701993296
7 280         1.13737155
7 277        0.953069052
7 13        0.852725519
7 14         1.12118342
7 10        0.958822532
7 227         1.23049503
7 201         1.28284769
7 199         1.13947754
7 208           1.087309
7 200         1.09267873
7 209        0.803922111
7 210         1.12173749
7 213        0.885626708
7 211        0.670352536
7 279        0.700505999
7 298         1.05890514
7 119        0.466213862
7 8        0.250073958
7 6        0.425063095
7 299        0.774604136
7 9        0.724673973
7 17        0.366212256
7 120        0.685138924
7 234         1.32497518
7 214         1.15250965
7 125         1.37099474
7 148         1.15549808
7 153        0.875780162
7 147          1.1960161
7 155         1.22811085
7 154         1.10010144
7 127         1.32541585
7 149         1.17576422
7 129         1.35515111
7 215        0.975114903
7 3        0.510002961
7 229        0.994875165
7 18        0.519001216
7 118        0.480937624
7 1        0.401144882
7 207        0.778175592
7 2        0.598808479
7 23        0.624619113
7 12        0.792065997
7 5         1.06911849
7 11        0.568017588
8 282         1.07960177
8 284         1.01944187
8 283         0.88367069
8 285        0.816889161
8 278        0.710552514
8 281        0.453451564
8 280        0.894560019
8 277        0.703805306
8 13        0.705668244
8 14        0.982862832
8 10        0.766138177
8 15         1.35926343
8 274         1.29781121
8 227         1.33184599
8 199         1.31721043
8 208         1.23570995
8 200         1.31882431
8 209         1.00760881
8 210         1.36965207
8 213         1.12958613
8 211        0.919617991
8 279          0.5490102
8 298         1.00065988
8 119        0.390359095
8 6        0.350458928
8 299        0.756730714
8 9        0.692632883
8 17        0.432412311
8 7        0.250073958
8 120        0.752226099
8 148         1.19997198
8 153         1.06119898
8 147         1.29447536
8 154         1.30325114
8 149         1.31763791
8 215         1.20098417
8 3        0.757741062
8 229         1.03343955
8 18        0.629256323
8 118        0.648103817
8 1        0.626416121
8 207        0.894441813
8 2        0.763575131
8 23         0.38454566
8 12        0.690659567
8 5        0.995290404
8 11        0.408779292
9 285         1.36119581
9 278         1.32850176
9 281        0.895751023
9 280         1.29333316
9 277         1.05555767
9 4        0.781651505
9 13        0.373970459
9 14        0.522511412
9 10        0.592489223
9 15        0.867429365
9 16         1.34814252
9 27         1.03635206
9 270         1.14323108
9 274         1.24659451
9 232         1.28431917
9 228         1.05885677
9 227        0.772452752
9 217         1.11921987
9 201         1.19499532
9 199        0.978311219
9 208        0.815471303
9 200         1.19479247
9 209        0.846077688
9 213         1.17294546
9 211         1.08412893
9 279          1.2133924
9 22         1.10933815
9 119         1.08282141
9 8        0.692632883
9 6        0.342357516
9 20         0.71198421
9 17         0.38071616
9 7        0.724673973
9 3         1.05810525
9 229        0.390727115
9 18        0.392357942
9 118         1.19659922
9 1        0.729733968
9 207        0.481311547
9 2        0.571447384
9 19         1.20874767
9 23        0.680344881
9 12        0.211177316
9 5        0.358081644
9 11        0.394853111
9 21         1.13876538
10 272         1.27513928
10 282         1.26787344
10 283         1.32935501
10 285         1.02871307
10 278         1.08801769
10 281        0.613000464
10 280        0.848607405
10 277        0.630777709
10 4        0.851277576
10 13         0.22062526
10 14        0.336576032
10 15        0.645660553
10 16         1.22911877
10 273         1.13983631
10 27        0.630190295
10 275         0.94266949
10 270        0.650905318
10 274        0.659485906
10 227         1.33710128
10 279         1.06992366
10 22         1.36724599
10 119         1.07644572
10 8        0.766138177
10 6        0.582021464
10 9        0.592489223
10 20         1.07844224
10 17        0.790614231
10 7        0.958822532
10 229        0.936390555
10 18        0.918593038
10 1         1.17400238
10 207         1.07004196
10 2         1.11409416
10 23        0.445178538
10 12         0.38446933
10 5        0.564508121
10 11        0.396705058
10 21         1.28362519
11 282         1.23544975
11 284         1.27351998
11 283         1.16657501
11 285        0.967149023
11 278        0.945913841
11 281        0.501062043
11 280        0.906964017
11 277        0.670665523
11 4         1.02239783
11 13        0.297072567
11 14        0.574127139
11 10        0.396705058
11 15        0.951479427
11 27         1.00784483
11 275         1.33344165
11 270         1.04669271
11 274          1.0207102
11 227          1.1540645
11 199         1.28353953
11 208         1.14901361
11 209         1.06034709
11 213         1.30198468
11 211          1.1437161
11 279        0.853714333
11 298         1.35994699
11 119        0.775791753
11 8        0.408779292
11 6        0.195794643
11 299         1.14649859
11 9        0.394853111
11 20         1.07849965
11 17        0.416704987
11 7        0.568017588
11 120         1.16083341
11 3         1.04067966
11 229        0.784723946
11 18        0.580974311
11 118         1.03541367
11 1        0.787779969
11 207        0.790708538
11 2        0.772547156
11 23        0.285794214
11 12        0.304109809
11 5        0.614933084
12 285         1.24466121
12 278         1.24224617
12 281        0.779860334
12 280         1.13885242
12 277        0.902370376
12 4         0.72632101
12 13        0.164133272
12 14        0.346441794
12 10         0.38446933
12 15        0.718932928
12 16         1.24817355
12 273         1.32102128
12 27        0.850041986
12 275         1.19363113
12 270        0.942487519
12 274         1.03563358
12 228         1.24588366
12 227        0.959093536
12 217         1.26188291
12 199         1.18918248
12 208         1.02385306
12 209         1.04880367
12 213         1.35960473
12 211         1.24925106
12 279         1.15759679
12 22         1.14602578
12 119         1.07197555
12 8        0.690659567
12 6        0.367553407
12 9        0.211177316
12 20        0.787605373
12 17        0.506429445
12 7        0.792065997
12 3         1.19533204
12 229        0.561618776
12 18        0.577819693
12 118         1.27296972
12 1         0.88701233
12 207        0.692426402
12 2          0.7672309
12 19         1.29829797
12 23        0.562003336
12 5        0.310995281
12 11        0.304109809
12 21         1.12899778
13 285          1.1477738
13 278         1.17018455
13 281        0.694161124
13 280         1.01207889
13 277        0.779960934
13 4        0.751558221
13 14        0.277280386
13 10         0.22062526
13 15        0.654706318
13 16         1.21806177
13 273         1.22598076
13 27        0.734187439
13 275         1.07157083
13 270        0.804116833
13 274        0.872919074
13 227         1.11842947
13 199         1.35225071
13 208         1.18794144
13 209         1.20027065
13 211         1.36986406
13 279         1.11193519
13 22          1.2245021
13 119         1.06429221
13 8        0.705668244
13 6        0.437223171
13 9        0.373970459
13 20        0.898258064
13 17        0.619454759
13 7        0.852725519
13 3         1.29588348
13 229        0.718582362
13 18        0.721242772
13 118         1.32746431
13 1         1.00642273
13 207        0.854151271
13 2        0.914716036
13 23        0.485909869
13 12        0.164133272
13 5        0.388474456
13 11        0.297072567
13 21         1.17539349
14 285         1.36321751
14 281        0.932604005
14 280         1.18279046
14 277        0.967342066
14 4        0.514829983
14 13        0.277280386
14 10        0.336576032
14 15        0.380335396
14 16        0.941433157
14 273        0.974586003
14 27        0.514089594
14 275        0.859069139
14 270        0.635406548
14 274        0.827973967
14 276         1.36266446
14 28          1.2305689
14 227         1.14006982
14 217         1.33135555
14 208         1.27254493
14 209         1.36521309
14 22         1.03614239
14 119         1.33914047
14 8        0.982862832
14 6        0.698317668
14 9        0.522511412
14 20        0.780897851
14 17        0.852844472
14 7         1.12118342
14 229        0.748654589
14 18        0.912227126
14 1         1.23246133
14 207        0.980494682
14 2          1.0939351
14 19         1.26735828
14 23        0.739821973
14 12        0.346441794
14 5        0.297715991
14 11        0.574127139
14 21        0.947146018
14 25         1.21528872
15 247          1.3681334
15 281         1.25755281
15 277         1.23827177
15 4        0.394763633
15 13        0.654706318
15 14        0.380335396
15 10        0.645660553
15 16        0.583528528
15 273         0.62176419
15 27        0.298550721
15 275        0.587560995
15 270         0.49405889
15 274        0.843498767
15 276         1.05007459
15 28        0.850509428
15 227         1.33220515
15 22        0.931078116
15 8         1.35926343
15 6         1.07790237
15 9        0.867429365
15 20          0.8370691
15 17         1.22253431
15 229        0.985545051
15 18         1.25881105
15 207         1.27986896
15 19          1.2304819
15 23          1.0863487
15 12        0.718932928
15 5        0.543773599
15 11        0.951479427
15 21        0.760839275
15 25        0.989017334
16 247        0.937419523
16 239         1.12794252
16 245         1.34420103
16 4        0.591288079
16 13         1.21806177
16 14        0.941433157
16 10         1.22911877
16 15        0.583528528
16 273        0.539789444
16 27        0.731551858
16 275        0.765438268
16 270        0.900262948
16 274         1.30185524
16 276        0.968036113
16 249        0.805394198
16 244         1.36244018
16 28        0.432731674
16 243         1.22641911
16 29         1.13849095
16 22        0.811159272
16 9         1.34814252
16 20        0.989542895
16 248         1.24428694
16 229         1.32335998
16 19         1.14612464
16 24         1.33645702
16 12         1.24817355
16 5        0.990380858
16 21        0.562215015
16 25         0.62583699
17 212         1.33597896
17 202          1.3185971
17 283         1.31531475
17 285         1.22855011
17 278         1.14025234
17 281        0.803411855
17 280         1.24947278
17 277         1.02658224
17 4         1.16224434
17 13        0.619454759
17 14        0.852844472
17 10        0.790614231
17 15         1.22253431
17 27         1.34969177
17 232         1.27493838
17 228         1.15976616
17 227        0.900507689
17 217         1.33472479
17 201         1.09693848
17 199        0.912528967
17 208        0.811395257
17 200        0.995469256
17 209        0.650713814
17 210         1.14736434
17 213        0.889322453
17 211        0.750432127
17 279        0.980588756
17 119        0.791895228
17 8        0.432412311
17 6        0.221919577
17 299         1.13059913
17 9         0.38071616
17 20         1.03927396
17 7        0.366212256
17 120         1.05109586
17 214         1.31527886
17 153         1.18125385
17 215         1.20723438
17 3        0.689662218
17 229        0.630719224
17 18        0.201417522
17 118        0.821355884
17 1        0.387079702
17 207        0.463038173
17 2        0.369831567
17 23        0.632929066
17 12        0.506429445
17 5         0.73791236
17 11        0.416704987
18 212         1.24251358
18 202         1.13412566
18 278          1.3392031
18 281         1.00199439
18 277         1.21964549
18 4         1.13378373
18 13        0.721242772
18 14        0.912227126
18 10        0.918593038
18 15         1.25881105
18 232         1.07433261
18 228        0.964394352
18 227        0.714129911
18 217         1.16394955
18 201        0.906690779
18 199        0.715171251
18 208        0.610023396
18 200        0.837299366
18 209        0.484939761
18 210         1.03915314
18 213        0.782862779
18 211        0.695926381
18 279          1.1742837
18 22         1.35181133
18 119        0.971935959
18 8        0.629256323
18 6         0.39913619
18 299         1.29356957
18 9        0.392357942
18 20        0.932918978
18 17        0.201417522
18 7        0.519001216
18 120         1.18626095
18 214         1.27357249
18 153         1.23799844
18 215         1.21124493
18 3        0.697039401
18 229        0.500864273
18 118        0.920795235
18 1        0.355099522
18 207        0.266318945
18 2         0.19569191
18 19         1.36172667
18 23        0.823390638
18 12        0.577819693
18 5        0.733329778
18 11        0.580974311
19 247        0.781832534
19 239         1.10980341
19 245         1.22512448
19 4        0.836839413
19 14         1.26735828
19 15          1.2304819
19 16         1.14612464
19 249         1.34951177
19 220         1.09556747
19 221         1.11656539
19 232         1.14766479
19 231         1.33574356
19 228        0.772745237
19 227        0.765689489
19 216        0.617379653
19 217        0.374646489
19 201         1.35704195
19 199         1.20616666
19 208         1.05247108
19 22        0.336619447
19 9         1.20874767
19 20        0.511018062
19 248        0.684274747
19 246         1.18775964
19 229        0.870786278
19 18         1.36172667
19 207         1.14656889
19 24         0.40572349
19 26        0.712301139
19 12         1.29829797
19 5         1.02112835
19 21        0.584015423
19 25        0.642259528
20 247         1.09268428
20 4        0.466851642
20 13        0.898258064
20 14        0.780897851
20 10         1.07844224
20 15          0.8370691
20 16        0.989542895
20 273         1.37051015
20 27         1.12907157
20 270         1.31332553
20 232         1.14075532
20 228        0.768963767
20 227        0.575688739
20 216         1.00967445
20 217        0.565617696
20 201         1.23593121
20 199         1.03216289
20 208        0.839801051
20 209         1.15168024
20 22        0.418895277
20 6         1.05410691
20 9         0.71198421
20 17         1.03927396
20 248         1.12779823
20 229        0.436252033
20 18        0.932918978
20 1         1.27241763
20 207        0.775430229
20 2         1.00453547
20 19        0.511018062
20 24        0.912405413
20 26          1.2105021
20 23         1.34921889
20 12        0.787605373
20 5        0.514681355
20 11         1.07849965
20 21        0.540300206
20 25        0.780965877
21 247        0.655146068
21 239        0.969064015
21 245         1.16034378
21 4        0.432348578
21 13         1.17539349
21 14        0.947146018
21 10         1.28362519
21 15        0.760839275
21 16        0.562215015
21 273         1.06517035
21 27         1.03883381
21 275         1.21847854
21 270         1.23717624
21 249        0.952917287
21 28        0.985446019
21 228         1.22688988
21 227         1.09324483
21 216         1.20007029
21 217         0.89342573
21 22        0.249337197
21 9         1.13876538
21 20        0.540300206
21 248        0.837154772
21 246         1.33714644
21 229        0.960529319
21 207         1.30850162
21 19        0.584015423
21 24        0.817635166
21 26         1.02790998
21 12         1.12899778
21 5        0.818599221
21 25        0.279087406
22 247        0.673789168
22 239         1.01304698
22 245         1.17619667
22 4        0.550614369
22 13          1.2245021
22 14         1.03614239
22 10         1.36724599
22 15        0.931078116
22 16        0.811159272
22 273         1.30412137
22 27         1.22404809
22 249         1.11887333
22 28         1.23449557
22 220         1.34061303
22 228         1.00407022
22 227        0.905076633
22 216        0.953936784
22 217        0.650869281
22 208         1.19295366
22 9         1.10933815
22 20        0.418895277
22 248        0.742373464
22 246         1.26522732
22 229        0.854142657
22 18         1.35181133
22 207         1.18592944
22 19        0.336619447
22 24        0.624105911
22 26        0.879127383
22 12         1.14602578
22 5        0.840904081
22 21        0.249337197
22 25        0.387890253
23 254         1.22734549
23 272         1.14115432
23 282        0.951639414
23 284         1.01073238
23 283        0.918247256
23 285         0.68510417
23 278        0.685532121
23 281        0.218498244
23 280        0.628493786
23 277        0.397011905
23 4         1.23666084
23 13        0.485909869
23 14        0.739821973
23 10        0.445178538
23 15          1.0863487
23 27          1.0646383
23 275         1.35365323
23 270         1.04933745
23 274        0.913541508
23 260          1.3670459
23 209         1.28094012
23 211         1.27894897
23 279        0.632797816
23 298         1.15705156
23 119        0.635289434
23 8         0.38454566
23 6        0.426061546
23 299        0.988579434
23 9        0.680344881
23 20         1.34921889
23 17        0.632929066
23 7        0.624619113
23 120         1.06243913
23 3         1.13421307
23 229         1.07049776
23 18        0.823390638
23 118         1.02033098
23 1        0.950558527
23 207         1.05680595
23 2         1.00274234
23 12        0.562003336
23 5         0.86102901
23 11        0.285794214
24 247        0.642189129
24 239         0.89986452
24 245        0.952913141
24 4         1.17412956
24 16         1.33645702
24 249         1.28929744
24 237        0.992274228
24 220        0.717020671
24 221        0.886187641
24 225         1.34763778
24 232         1.36878515
24 228         1.04140412
24 227         1.11519537
24 216        0.574665085
24 217        0.652929203
24 22        0.624105911
24 20        0.912405413
24 248        0.376990761
24 246        0.813605683
24 229         1.27222068
24 19         0.40572349
24 26        0.311058612
24 21        0.817635166
24 25        0.725102737
25 247        0.384664486
25 239        0.690080448
25 245        0.883818293
25 240          1.2648389
25 4        0.702316695
25 14         1.21528872
25 15        0.989017334
25 16         0.62583699
25 273         1.16516466
25 27         1.24348978
25 275         1.36842231
25 249        0.731564961
25 28        0.989175924
25 243         1.16115041
25 227         1.29296651
25 216         1.21344883
25 217         1.00542245
25 22        0.387890253
25 20        0.780965877
25 248        0.628445309
25 246         1.09380944
25 229         1.21419877
25 19        0.642259528
25 24        0.725102737
25 26        0.860918329
25 5         1.09766867
25 21        0.279087406
26 247        0.627971746
26 239         0.77265186
26 245         0.75783021
26 240         1.15229185
26 249          1.2584882
26 237        0.696316403
26 220         0.51519624
26 221         0.87904678
26 225         1.15396925
26 228         1.32692121
26 216        0.767825846
26 217        0.952670735
26 22        0.879127383
26 20          1.2105021
26 248        0.271332627
26 246        0.519045371
26 19        0.712301139
26 24        0.311058612
26 21         1.02790998
26 25        0.860918329
27 281         1.19551492
27 280           1.268583
27 277         1.11785465
27 4        0.693291482
27 13        0.734187439
27 14        0.514089594
27 10        0.630190295
27 15        0.298550721
27 16        0.731551858
27 273        0.510209984
27 275        0.345020958
27 270         0.19886757
27 274        0.580933419
27 276        0.852049484
27 28        0.849300938
27 29         1.24318645
27 22         1.22404809
27 6         1.17028679
27 9         1.03635206
27 20         1.12907157
27 17         1.34969177
27 229         1.22906726
27 23          1.0646383
27 12        0.850041986
27 5        0.768920247
27 11         1.00784483
27 21         1.03883381
27 25         1.24348978
28 247         1.21612246
28 239         1.30727669
28 4        0.994447486
28 14          1.2305689
28 15        0.850509428
28 16        0.432731674
28 273        0.390343912
28 27        0.849300938
28 275        0.690112254
28 270        0.946310053
28 274         1.32385886
28 276        0.641489714
28 249        0.828422007
28 244        0.966872747
28 243         1.14065424
28 29        0.715830848
28 242         1.12317838
28 22         1.23449557
28 5         1.35167588
28 21        0.985446019
28 25        0.989175924
29 16         1.13849095
29 273        0.769554417
29 27         1.24318645
29 275        0.920676917
29 270         1.22328095
29 276        0.433997597
29 249         1.36421954
29 244        0.676335921
29 28        0.715830848
29 242         1.14485409
30 55         1.12474625
30 63        0.837914911
30 59        0.951226546
30 56         1.03049432
30 50         1.28348043
30 62        0.589251024
30 60        0.933177795
30 54          1.0626256
30 53         1.29108477
30 57        0.688421097
30 51         1.12561349
30 116        0.809197495
30 58        0.437195827
30 64        0.811627524
30 88          1.0535907
30 115        0.581567532
30 107         1.09293996
30 105         1.33809934
30 36        0.950256095
30 38        0.867252015
30 61        0.857212971
30 40        0.780155464
30 39        0.719630433
30 35        0.707999588
30 92        0.461973703
30 44        0.917491174
30 91        0.644377759
30 90        0.484587342
30 69        0.822985349
30 72        0.970602752
30 47         1.09261246
30 42         1.24828456
30 68        0.955912658
30 73        0.929778533
30 108        0.896324585
30 71         1.29804002
30 70         1.10109987
30 109         0.98789045
30 74        0.985608976
30 46        0.979335696
30 96         0.91039723
30 77         1.00444025
30 99        0.872267723
30 75        0.797597607
30 97         0.73643001
30 100        0.806499841
30 83         1.28080426
30 76         1.21594843
30 94         1.25732366
30 95         1.23663004
30 48         1.28915227
30 98         1.05053751
30 41         1.10598762
30 93         0.69616238
30 37        0.621634363
30 86        0.575280721
30 34        0.379962749
30 87         0.31590661
30 85        0.487288963
30 101        0.199163191
30 102         0.40644517
30 89        0.817909241
30 67        0.659970272
30 32        0.550971138
30 79         1.11949253
30 31        0.519576919
30 33        0.517982528
30 81        0.863300483
30 84         1.00284885
30 78        0.784697751
30 80        0.928456192
31 63         1.35682348
31 62         1.10611073
31 57         1.15893515
31 116         1.14718915
31 58        0.955016076
31 64         1.26657796
31 115        0.888451288
31 107         1.34666543
31 36          1.3216052
31 38         1.16385027
31 61         1.25822452
31 40         1.05589331
31 39        0.983275666
31 35         1.05972853
31 92        0.788074369
31 44         0.68563964
31 91        0.638221163
31 90        0.664642726
31 69        0.876250876
31 72        0.918705497
31 47        0.967186931
31 42         1.07661823
31 68        0.996461733
31 73         1.04743152
31 108         1.12670243
31 71         1.23954874
31 70          1.1531755
31 109          1.2333289
31 74        0.468341206
31 46        0.596646428
31 96        0.453698814
31 77        0.527740533
31 99        0.539981253
31 75         0.28736087
31 97        0.363559033
31 100        0.531035281
31 83        0.817989109
31 110        0.977247396
31 76        0.715428646
31 94        0.737746782
31 112        0.946833092
31 95         0.75716407
31 43         1.30307761
31 48        0.900487489
31 98        0.556997278
31 41        0.790032859
31 193         1.24004503
31 93        0.890406437
31 37        0.916380966
31 198         1.26111114
31 123         1.28619684
31 86        0.352026105
31 34        0.425923325
31 87        0.243463218
31 85        0.400120132
31 30        0.519576919
31 101        0.506777745
31 102          0.5254922
31 89         0.87232176
31 67        0.489205727
31 32         0.16118746
31 79        0.848324867
31 33        0.299247997
31 81        0.579403466
31 84          0.6397487
31 78        0.307083815
31 80        0.518419744
31 121         1.12700371
31 122         1.36531783
31 190         1.04203111
31 111         1.03737831
31 165         1.15574073
31 82         1.12340432
32 63         1.36727637
32 62         1.13674794
32 60         1.33670266
32 57         1.12432985
32 116          1.2593023
32 58        0.984440576
32 64         1.34308186
32 115         1.00209233
32 107         1.23171002
32 36         1.24067629
32 38         1.06454791
32 61         1.18951718
32 40        0.954739007
32 39        0.882018211
32 35        0.980487082
32 92        0.717001369
32 44        0.525456451
32 91        0.498200099
32 90        0.565366451
32 69        0.734680327
32 72        0.762499668
32 47        0.806314695
32 42        0.915896775
32 68        0.849552133
32 73        0.911587449
32 108         1.01175836
32 71         1.08017375
32 70         1.00490548
32 109         1.11897378
32 74         0.50902421
32 46        0.463910781
32 96        0.360544298
32 77        0.624748963
32 99        0.390114447
32 75        0.274957874
32 97        0.217841682
32 100        0.371912913
32 83        0.913230845
32 110        0.915026464
32 76        0.779970544
32 94        0.748029612
32 112        0.851802184
32 95        0.685690423
32 43         1.15841859
32 48        0.775464229
32 98         0.50225844
32 41        0.642182314
32 193         1.15404239
32 93          0.7765908
32 37        0.827040932
32 198         1.21929552
32 86        0.512317465
32 34        0.336042844
32 87        0.348619529
32 85         0.55044932
32 30        0.550971138
32 101         0.59304533
32 102        0.654801683
32 89         1.02449945
32 67        0.332364994
32 79         1.00130035
32 31         0.16118746
32 33        0.157122058
32 81        0.735678291
32 84        0.781101328
32 78        0.421428515
32 80        0.650934556
32 121         1.24808411
32 190         1.06224584
32 111         1.01497832
32 165          1.1906607
32 82         1.20957087
33 63         1.28903342
33 59         1.33060114
33 56         1.35211197
33 62         1.08007613
33 60         1.21245204
33 54         1.30036488
33 57          1.0124782
33 51         1.29217068
33 116         1.28767847
33 58        0.929831129
33 64         1.32910018
33 115         1.03660231
33 107         1.07601302
33 36         1.09797011
33 38        0.914064078
33 61         1.05391797
33 40        0.803951063
33 39        0.731542765
33 35        0.840332112
33 92        0.585597037
33 44        0.434221168
33 91        0.342273663
33 90        0.419112642
33 69        0.579711074
33 72          0.6224642
33 47        0.685328352
33 42         0.81152641
33 68        0.697670641
33 73        0.755093269
33 108        0.856340431
33 71        0.948380302
33 70        0.854127799
33 109        0.963535813
33 74        0.653390386
33 46        0.462490435
33 96        0.427736645
33 77        0.780941859
33 99        0.354936755
33 75        0.410611245
33 97        0.228559309
33 100        0.298690769
33 83         1.06842509
33 110        0.984101159
33 76         0.92837931
33 94        0.873810814
33 112        0.887420171
33 95         0.75269949
33 43         1.10848374
33 48        0.771184032
33 98        0.593439187
33 41        0.595956363
33 113         1.26077151
33 193         1.19387061
33 93        0.622046676
33 37        0.682694798
33 198         1.30150975
33 86        0.633449545
33 34        0.208695714
33 87        0.410812809
33 85        0.648077633
33 30        0.517982528
33 101        0.611779315
33 102        0.718884563
33 89         1.11667727
33 67        0.198660022
33 32        0.157122058
33 79         1.14756881
33 31        0.299247997
33 81        0.878251809
33 84        0.934262039
33 78        0.578347585
33 80        0.806344041
33 190         1.18909239
33 111         1.11532649
33 165         1.32410131
33 82         1.36223439
34 55         1.25585746
34 63         1.09002165
34 59         1.12269326
34 56         1.14379234
34 50         1.31554055
34 62        0.896502978
34 49         1.36359767
34 60         1.00568376
34 54         1.09777083
34 53         1.25868845
34 57        0.803797031
34 51           1.099415
34 116          1.1863703
34 58        0.750075018
34 64         1.18013483
34 115        0.949311996
34 107        0.922643557
34 36        0.905682142
34 38        0.738442775
34 61        0.853601497
34 40        0.630103715
34 39        0.557425372
34 35        0.644863424
34 92        0.381604211
34 44        0.541245917
34 91        0.282800433
34 90         0.23873073
34 69        0.500508638
34 72        0.610873294
34 47        0.718902049
34 42        0.870481846
34 68        0.632607413
34 73        0.650118329
34 108        0.703347171
34 71        0.944232948
34 70        0.788262339
34 109        0.809340272
34 74        0.845058812
34 46        0.646576389
34 96        0.635180048
34 77        0.947436636
34 99        0.525913605
34 75        0.608356317
34 97        0.431443676
34 100        0.445855582
34 83         1.23809327
34 110         1.18858876
34 76         1.11470275
34 94         1.07788256
34 112         1.08035956
34 95        0.957721818
34 43          1.2327744
34 48        0.943176547
34 98        0.802110106
34 41        0.740652581
34 113         1.28779633
34 93        0.467892867
34 37        0.494115988
34 86        0.694504075
34 87         0.41614669
34 85        0.670506843
34 30        0.379962749
34 101        0.528605496
34 102        0.687036799
34 89         1.10784239
34 67        0.286014444
34 32        0.336042844
34 79          1.2440639
34 31        0.425923325
34 33        0.208695714
34 81        0.970745004
34 84         1.05748901
34 78        0.731228878
34 80        0.942579991
34 111         1.32402205
35 55        0.698388492
35 63         0.75496435
35 59        0.639883264
35 56        0.579795388
35 52        0.787604724
35 50        0.678166521
35 62        0.745597985
35 49        0.719833518
35 60        0.417469172
35 54        0.469384173
35 53        0.615892875
35 57         0.34223525
35 51        0.454787269
35 116          1.3386047
35 58        0.681585015
35 64         1.15073526
35 115         1.18803635
35 66           1.288918
35 106           1.074883
35 107        0.418245986
35 105        0.926817736
35 36        0.261886372
35 38        0.185207213
35 61        0.220092058
35 40        0.166865248
35 39        0.183206658
35 92        0.273105053
35 44        0.957703739
35 91        0.606973779
35 90        0.423386852
35 69        0.542949897
35 72        0.747845459
35 47        0.914639553
35 42         1.07956974
35 68        0.610481534
35 73        0.484403888
35 108        0.295263656
35 71        0.961315678
35 70        0.675253428
35 109        0.338048031
35 46         1.18467461
35 96         1.24013039
35 99          1.0564275
35 75         1.24989543
35 97         1.03290507
35 100        0.958055387
35 41         1.17923586
35 113         1.32060321
35 93         0.31055764
35 37        0.164122174
35 86         1.25469755
35 34        0.644863424
35 87         0.96485722
35 85         1.18575191
35 30        0.707999588
35 101         0.90267477
35 102         1.11280946
35 67        0.799145089
35 32        0.980487082
35 31         1.05972853
35 33        0.840332112
35 78         1.36665795
36 55        0.557052019
36 63        0.773436178
36 59        0.576863651
36 56        0.449261676
36 52        0.533579002
36 50        0.437411212
36 62        0.856420599
36 49        0.458093754
36 60        0.295495395
36 54        0.261076632
36 53         0.35401932
36 57        0.398190077
36 51         0.19420241
36 58        0.834889929
36 64          1.2631924
36 66         1.07663826
36 106        0.874409507
36 107        0.343259071
36 105        0.763642548
36 38        0.234427764
36 61        0.121554984
36 40        0.325806913
36 39        0.387099563
36 35        0.261886372
36 92        0.534343106
36 65         1.35436542
36 44         1.17338682
36 91        0.840563988
36 90          0.6790398
36 69        0.725438202
36 72        0.915534836
36 47         1.07802615
36 42         1.23201933
36 68         0.75388868
36 73        0.608258959
36 108        0.377628107
36 71         1.05999672
36 70        0.767773178
36 109        0.338072719
36 99         1.29170433
36 97          1.2828681
36 100         1.19311107
36 93        0.521202501
36 37        0.415392648
36 34        0.905682142
