0 339 municipal_humanCapital_bolivia_PCA POLY_ID
1 213        0.520157477
1 7        0.401144882
1 209        0.409938762
1 17        0.387079702
1 211        0.363497115
1 18        0.355099522
1 2        0.287690351
1 3        0.343416793
2 211        0.558771774
2 199        0.553715364
2 209        0.289417221
2 208        0.488939868
2 207        0.236127991
2 1        0.287690351
2 18         0.19569191
2 17        0.369831567
3 209        0.615070054
3 215        0.519263876
3 153        0.566895237
3 7        0.510002961
3 211        0.221128932
3 118        0.410145818
3 1        0.343416793
3 213         0.46770179
4 27        0.693291482
4 16        0.591288079
4 20        0.466851642
4 14        0.514829983
4 22        0.550614369
4 15        0.394763633
4 21        0.432348578
4 5        0.429026437
5 15        0.543773599
5 229        0.461386327
5 20        0.514681355
5 4        0.429026437
5 12        0.310995281
5 9        0.358081644
5 14        0.297715991
5 13        0.388474456
6 23        0.426061546
6 18         0.39913619
6 7        0.425063095
6 12        0.367553407
6 9        0.342357516
6 17        0.221919577
6 11        0.195794643
6 8        0.350458928
7 18        0.519001216
7 3        0.510002961
7 6        0.425063095
7 118        0.480937624
7 119        0.466213862
7 17        0.366212256
7 8        0.250073958
7 1        0.401144882
8 279          0.5490102
8 281        0.453451564
8 17        0.432412311
8 11        0.408779292
8 119        0.390359095
8 7        0.250073958
8 6        0.350458928
8 23         0.38454566
9 11        0.394853111
9 18        0.392357942
9 17         0.38071616
9 229        0.390727115
9 12        0.211177316
9 6        0.342357516
9 5        0.358081644
9 13        0.373970459
10 9        0.592489223
10 6        0.582021464
10 11        0.396705058
10 5        0.564508121
10 14        0.336576032
10 13         0.22062526
10 12         0.38446933
10 23        0.445178538
11 17        0.416704987
11 8        0.408779292
11 9        0.394853111
11 10        0.396705058
11 12        0.304109809
11 23        0.285794214
11 6        0.195794643
11 13        0.297072567
12 17        0.506429445
12 10         0.38446933
12 14        0.346441794
12 6        0.367553407
12 5        0.310995281
12 11        0.304109809
12 9        0.211177316
12 13        0.164133272
13 23        0.485909869
13 6        0.437223171
13 11        0.297072567
13 5        0.388474456
13 12        0.164133272
13 10         0.22062526
13 14        0.277280386
13 9        0.373970459
14 9        0.522511412
14 4        0.514829983
14 15        0.380335396
14 27        0.514089594
14 10        0.336576032
14 13        0.277280386
14 5        0.297715991
14 12        0.346441794
15 273         0.62176419
15 5        0.543773599
15 275        0.587560995
15 270         0.49405889
15 14        0.380335396
15 16        0.583528528
15 27        0.298550721
15 4        0.394763633
16 275        0.765438268
16 25         0.62583699
16 27        0.731551858
16 4        0.591288079
16 273        0.539789444
16 15        0.583528528
16 28        0.432731674
16 21        0.562215015
17 8        0.432412311
17 11        0.416704987
17 7        0.366212256
17 1        0.387079702
17 9         0.38071616
17 6        0.221919577
17 18        0.201417522
17 2        0.369831567
18 229        0.500864273
18 209        0.484939761
18 1        0.355099522
18 6         0.39913619
18 207        0.266318945
18 17        0.201417522
18 2         0.19569191
18 9        0.392357942
19 248        0.684274747
19 25        0.642259528
19 216        0.617379653
19 21        0.584015423
19 24         0.40572349
19 22        0.336619447
19 217        0.374646489
19 20        0.511018062
20 227        0.575688739
20 217        0.565617696
20 5        0.514681355
20 21        0.540300206
20 229        0.436252033
20 19        0.511018062
20 22        0.418895277
20 4        0.466851642
21 15        0.760839275
21 247        0.655146068
21 20        0.540300206
21 19        0.584015423
21 16        0.562215015
21 25        0.279087406
21 22        0.249337197
21 4        0.432348578
22 247        0.673789168
22 217        0.650869281
22 20        0.418895277
22 24        0.624105911
22 21        0.249337197
22 25        0.387890253
22 19        0.336619447
22 4        0.550614369
23 12        0.562003336
23 10        0.445178538
23 13        0.485909869
23 6        0.426061546
23 281        0.218498244
23 11        0.285794214
23 277        0.397011905
23 8         0.38454566
24 220        0.717020671
24 217        0.652929203
24 216        0.574665085
24 247        0.642189129
24 248        0.376990761
24 26        0.311058612
24 19         0.40572349
24 22        0.624105911
25 4        0.702316695
25 239        0.690080448
25 22        0.387890253
25 19        0.642259528
25 16         0.62583699
25 247        0.384664486
25 21        0.279087406
25 248        0.628445309
26 245         0.75783021
26 237        0.696316403
26 19        0.712301139
26 247        0.627971746
26 248        0.271332627
26 246        0.519045371
26 24        0.311058612
26 220         0.51519624
27 4        0.693291482
27 10        0.630190295
27 274        0.580933419
27 14        0.514089594
27 273        0.510209984
27 275        0.345020958
27 15        0.298550721
27 270         0.19886757
28 15        0.850509428
28 27        0.849300938
28 249        0.828422007
28 275        0.690112254
28 273        0.390343912
28 29        0.715830848
28 276        0.641489714
28 16        0.432731674
29 270         1.22328095
29 16         1.13849095
29 242         1.14485409
29 275        0.920676917
29 244        0.676335921
29 28        0.715830848
29 276        0.433997597
29 273        0.769554417
30 85        0.487288963
30 90        0.484587342
30 34        0.379962749
30 92        0.461973703
30 102         0.40644517
30 87         0.31590661
30 101        0.199163191
30 58        0.437195827
31 85        0.400120132
31 97        0.363559033
31 75         0.28736087
31 86        0.352026105
31 87        0.243463218
31 32         0.16118746
31 33        0.299247997
31 78        0.307083815
32 96        0.360544298
32 87        0.348619529
32 67        0.332364994
32 34        0.336042844
32 97        0.217841682
32 31         0.16118746
32 33        0.157122058
32 75        0.274957874
33 99        0.354936755
33 91        0.342273663
33 31        0.299247997
33 100        0.298690769
33 67        0.198660022
33 34        0.208695714
33 32        0.157122058
33 97        0.228559309
34 87         0.41614669
34 92        0.381604211
34 30        0.379962749
34 32        0.336042844
34 90         0.23873073
34 91        0.282800433
34 33        0.208695714
34 67        0.286014444
35 108        0.295263656
35 92        0.273105053
35 40        0.166865248
35 36        0.261886372
35 39        0.183206658
35 37        0.164122174
35 38        0.185207213
35 61        0.220092058
36 109        0.338072719
36 40        0.325806913
36 38        0.234427764
36 60        0.295495395
36 35        0.261886372
36 61        0.121554984
36 51         0.19420241
36 54        0.261076632
37 108        0.280437428
37 90        0.263657628
37 35        0.164122174
37 38        0.254349255
37 93        0.171274223
37 39        0.102731015
37 40         0.15861811
37 92        0.159669131
38 37        0.254349255
38 107        0.234510392
38 35        0.185207213
38 36        0.234427764
38 108        0.148797685
38 109        0.155717184
38 40        0.110174603
38 39         0.18258444
39 109        0.269425557
39 92        0.259211259
39 37        0.102731015
39 35        0.183206658
39 93        0.135522773
39 40       0.0728269411
39 108        0.178285092
39 38         0.18258444
40 107         0.31315952
40 109        0.208833766
40 37         0.15861811
40 93        0.197349989
40 38        0.110174603
40 39       0.0728269411
40 108        0.135594233
40 35        0.166865248
41 96        0.423682561
41 47        0.408305933
41 100        0.299598498
41 99        0.252118704
41 42        0.395591203
41 44        0.223413989
41 48        0.243148409
41 46        0.220619601
42 43        0.479333754
42 68        0.478617774
42 44        0.391695662
42 113        0.464499509
42 72        0.333768998
42 71        0.292039468
42 47        0.169742114
42 41        0.395591203
43 47        0.636006212
43 113        0.622350965
43 41        0.516864726
43 112        0.602409865
43 48         0.45483436
43 45        0.396711962
43 172        0.439043932
43 42        0.479333754
44 72        0.346409456
44 46        0.283495267
44 97        0.343017644
44 67        0.257620415
44 100        0.156136254
44 47        0.308434869
44 99        0.197587134
44 41        0.223413989
45 48        0.850107837
45 47        0.834389586
45 172        0.590342461
45 71        0.767850974
45 114        0.519476166
45 43        0.396711962
45 113        0.483181317
45 42        0.666615089
46 98         0.32245905
46 48        0.313022053
46 97        0.248798498
46 44        0.283495267
46 100        0.226650613
46 99        0.128806952
46 96        0.203372318
46 41        0.220619601
47 41        0.408305933
47 70        0.382304868
47 68        0.326093971
47 69        0.372959871
47 42        0.169742114
47 71        0.287095394
47 72        0.166795013
47 44        0.308434869
48 96        0.460733269
48 110         0.44592119
48 43         0.45483436
48 99        0.418799513
48 95         0.34990136
48 41        0.243148409
48 112        0.230556996
48 46        0.313022053
49 56        0.529354266
49 60        0.503760339
49 51        0.265953301
49 36        0.458093754
49 54        0.352147728
49 52        0.147737994
49 53        0.106404535
49 50        0.208451219
50 60        0.355866392
50 55        0.349809562
50 51        0.264286902
50 56        0.336489213
50 54        0.222375378
50 49        0.208451219
50 52        0.139667497
50 53        0.219763439
51 52        0.342640998
51 60        0.306943307
51 61        0.268464844
51 49        0.265953301
51 36         0.19420241
51 53        0.165616255
51 54        0.180011008
51 50        0.264286902
52 106        0.475796931
52 56        0.471937156
52 54        0.353692929
52 55        0.469421099
52 49        0.147737994
52 51        0.342640998
52 50        0.139667497
52 53        0.224830806
53 60         0.43648135
53 61         0.43387187
53 50        0.219763439
53 36         0.35401932
53 54        0.287107974
53 51        0.165616255
53 49        0.106404535
53 52        0.224830806
54 55        0.313923616
54 53        0.287107974
54 36        0.261076632
54 61        0.249413161
54 51        0.180011008
54 50        0.222375378
54 60        0.151732172
54 56        0.227297023
55 57        0.454417512
55 106        0.420536157
55 50        0.349809562
55 59        0.201462495
55 60        0.282415289
55 54        0.313923616
55 105        0.232102218
55 56        0.118653067
56 61        0.381651778
56 54        0.227297023
56 105        0.349532813
56 59        0.182267433
56 60         0.16496099
56 50        0.336489213
56 57         0.34823169
56 55        0.118653067
57 63        0.413505904
57 36        0.398190077
57 35         0.34223525
57 54        0.392353393
57 61        0.276689262
57 60         0.24920655
57 59        0.328130555
57 56         0.34823169
58 92        0.580112748
58 115         0.56495043
58 101         0.50445225
58 57        0.452171806
58 64        0.483835996
58 62        0.152349715
58 30        0.437195827
58 63        0.416225861
59 61        0.482062698
59 57        0.328130555
59 54        0.397090329
59 60        0.283931622
59 63        0.265562568
59 105        0.387858257
59 56        0.182267433
59 55        0.201462495
60 51        0.306943307
60 59        0.283931622
60 36        0.295495395
60 55        0.282415289
60 56         0.16496099
60 61        0.217090196
60 54        0.151732172
60 57         0.24920655
61 40        0.342405297
61 38         0.28239455
61 51        0.268464844
61 57        0.276689262
61 54        0.249413161
61 36        0.121554984
61 35        0.220092058
61 60        0.217090196
62 101        0.643767237
62 115        0.624939189
62 59        0.504964768
62 30        0.589251024
62 57        0.458465702
62 64        0.409000751
62 63        0.287206155
62 58        0.152349715
63 64        0.571182363
63 60         0.50772587
63 56        0.445534923
63 55        0.457207643
63 57        0.413505904
63 62        0.287206155
63 59        0.265562568
63 58        0.416225861
64 102        0.810511248
64 63        0.571182363
64 101        0.759806919
64 58        0.483835996
64 115        0.480687833
64 88        0.455765448
64 116        0.357569021
64 62        0.409000751
65 56        0.908631857
65 55        0.816285141
65 66        0.869706538
65 59        0.789268454
65 105        0.696130471
65 106        0.802325929
65 104        0.630387557
65 63        0.721923219
66 59        0.819989515
66 49        0.764724294
66 50         0.65156462
66 56        0.747837296
66 105         0.43353134
66 52        0.618893439
66 106        0.222942883
66 55        0.643268821
67 32        0.332364994
67 34        0.286014444
67 97        0.252624896
67 99        0.263562123
67 91        0.208097532
67 33        0.198660022
67 100        0.170124525
67 44        0.257620415
68 71        0.368142129
68 91        0.361670423
68 72        0.173979706
68 93        0.327996991
68 73         0.14795147
68 70        0.157509159
68 69        0.133896306
68 47        0.326093971
69 39        0.360852186
69 90        0.342715258
69 70        0.287769078
69 91        0.238030463
69 93         0.23635119
69 73        0.184887899
69 72        0.206717273
69 68        0.133896306
70 109        0.434668508
70 108        0.398522601
70 71        0.292939563
70 47        0.382304868
70 73        0.196469153
70 68        0.157509159
70 72        0.279588829
70 69        0.287769078
71 69        0.487048139
71 73        0.476916962
71 68        0.368142129
71 113        0.368137319
71 70        0.292939563
71 42        0.292039468
71 47        0.287095394
71 72        0.333869487
72 71        0.333869487
72 91        0.329048826
72 42        0.333768998
72 73        0.319227048
72 47        0.166795013
72 68        0.173979706
72 70        0.279588829
72 69        0.206717273
73 72        0.319227048
73 39        0.310506505
73 109        0.301622757
73 93        0.244935032
73 68         0.14795147
73 70        0.196469153
73 69        0.184887899
73 108        0.230773601
74 96         0.38524575
74 80        0.382584908
74 98        0.304311326
74 94        0.281068911
74 77        0.223719981
74 76        0.277699416
74 75        0.245259804
74 78        0.254761352
75 33        0.410611245
75 97        0.283568098
75 31         0.28736087
75 78        0.280624311
75 98        0.274074601
75 96        0.221153002
75 74        0.245259804
75 32        0.274957874
76 82        0.443272829
76 78        0.432725639
76 74        0.277699416
76 190         0.39668444
76 94        0.258112736
76 83        0.212549619
76 77         0.23040496
76 80        0.395458395
77 75        0.413230732
77 94        0.410840865
77 76         0.23040496
77 84         0.29974744
77 78        0.223531184
77 74        0.223719981
77 80        0.183829058
77 83        0.290752437
78 81        0.389750223
78 86        0.341232465
78 84        0.375273819
78 31        0.307083815
78 80        0.236001974
78 75        0.280624311
78 77        0.223531184
78 74        0.254761352
79 86        0.559356166
79 77        0.556049154
79 123        0.467934862
79 83          0.5460252
79 81        0.273323749
79 80        0.398971753
79 84        0.259345011
79 121        0.491985971
80 76        0.395458395
80 74        0.382584908
80 78        0.236001974
80 86        0.377844153
80 81        0.231147123
80 84        0.142650107
80 77        0.183829058
80 83        0.366912222
81 102        0.534703363
81 77        0.414725118
81 85        0.381965098
81 78        0.389750223
81 79        0.273323749
81 80        0.231147123
81 84         0.17991876
81 86        0.291566383
82 190        0.494950871
82 122        0.476577127
82 167        0.439742209
82 76        0.443272829
82 146        0.373867901
82 83        0.309198889
82 165         0.40223894
82 121        0.335613048
83 94        0.465944749
83 74        0.450607896
83 80        0.366912222
83 121        0.390357231
83 82        0.309198889
83 77        0.290752437
83 76        0.212549619
83 84        0.373148855
84 76        0.470790061
84 86        0.429814133
84 78        0.375273819
84 83        0.373148855
84 80        0.142650107
84 79        0.259345011
84 81         0.17991876
84 77         0.29974744
85 89        0.474055937
85 78        0.458317729
85 101        0.326462344
85 31        0.400120132
85 87        0.254490333
85 102         0.18252704
85 86        0.125030329
85 81        0.381965098
86 84        0.429814133
86 80        0.377844153
86 102         0.30743317
86 31        0.352026105
86 85        0.125030329
86 87        0.292062103
86 81        0.291566383
86 78        0.341232465
87 33        0.410812809
87 32        0.348619529
87 102        0.310311311
87 30         0.31590661
87 85        0.254490333
87 101        0.263792251
87 31        0.243463218
87 86        0.292062103
88 102        0.859609413
88 62        0.841068455
88 89        0.694448091
88 313        0.732858728
88 64        0.455765448
88 116        0.245404085
88 115        0.498125473
88 311        0.591949218
89 101        0.619036783
89 79        0.602085777
89 86        0.536650446
89 116         0.55415331
89 85        0.474055937
89 115        0.423623035
89 102        0.423628502
89 81        0.537331851
90 67        0.387986632
90 39        0.318976703
90 69        0.342715258
90 34         0.23873073
90 93        0.235517151
90 91        0.232094363
90 37        0.263657628
90 92        0.196896691
91 100         0.35277421
91 33        0.342273663
91 72        0.329048826
91 93        0.323078168
91 90        0.232094363
91 69        0.238030463
91 67        0.208097532
91 34        0.282800433
92 38         0.40899568
92 34        0.381604211
92 39        0.259211259
92 40        0.318195335
92 93        0.270147214
92 90        0.196896691
92 37        0.159669131
92 35        0.273105053
93 92        0.270147214
93 73        0.244935032
93 69         0.23635119
93 108        0.236346528
93 37        0.171274223
93 90        0.235517151
93 39        0.135522773
93 40        0.197349989
94 110        0.433408851
94 77        0.410840865
94 95        0.379229496
94 111        0.335143484
94 98        0.333910553
94 76        0.258112736
94 190        0.315314997
94 74        0.281068911
95 111        0.410736602
95 94        0.379229496
95 48         0.34990136
95 46        0.364444014
95 112        0.225335119
95 110        0.231534241
95 98        0.205372219
95 96        0.328005806
96 32        0.360544298
96 100        0.330437144
96 75        0.221153002
96 95        0.328005806
96 98        0.175652915
96 46        0.203372318
96 97        0.208101303
96 99        0.252021879
97 75        0.283568098
97 67        0.252624896
97 96        0.208101303
97 46        0.248798498
97 33        0.228559309
97 100        0.189215872
97 99         0.17658388
97 32        0.217841682
98 99        0.410577531
98 97        0.382064522
98 94        0.333910553
98 46         0.32245905
98 96        0.175652915
98 75        0.274074601
98 95        0.205372219
98 74        0.304311326
99 33        0.354936755
99 67        0.263562123
99 44        0.197587134
99 41        0.252118704
99 46        0.128806952
99 100       0.0986371698
99 97         0.17658388
99 96        0.252021879
100 96        0.330437144
100 41        0.299598498
100 46        0.226650613
100 33        0.298690769
100 44        0.156136254
100 97        0.189215872
100 99       0.0986371698
100 67        0.170124525
101 31        0.506777745
101 58         0.50445225
101 87        0.263792251
101 86        0.436356463
101 85        0.326462344
101 102        0.210453771
101 30        0.199163191
101 115        0.426518254
102 31          0.5254922
102 89        0.423628502
102 87        0.310311311
102 30         0.40644517
102 85         0.18252704
102 101        0.210453771
102 86         0.30743317
102 115        0.372761774
103 329         1.82685283
103 313         1.75029158
103 312         1.37640591
103 65         1.58294398
103 334          1.3997554
103 104         1.20063478
103 310         1.01029856
103 331         1.42974845
104 88         1.26721868
104 63         1.23263147
104 64         1.14975438
104 103         1.20063478
104 65        0.630387557
104 310         1.09772049
104 313        0.614316212
104 311         1.19636485
105 52        0.508645548
105 66         0.43353134
105 54        0.505082474
105 59        0.387858257
105 56        0.349532813
105 50        0.439970876
105 106        0.221722567
105 55        0.232102218
106 54        0.616127398
106 59        0.601362199
106 52        0.475796931
106 56        0.525226736
106 105        0.221722567
106 50        0.470054528
106 66        0.222942883
106 55        0.420536157
107 35        0.418245986
107 73        0.388013227
107 39        0.378529669
107 36        0.343259071
107 38        0.234510392
107 40         0.31315952
107 109        0.113343978
107 108        0.220213103
108 37        0.280437428
108 73        0.230773601
108 93        0.236346528
108 107        0.220213103
108 40        0.135594233
108 39        0.178285092
108 109        0.107216157
108 38        0.148797685
109 36        0.338072719
109 73        0.301622757
109 35        0.338048031
109 40        0.208833766
109 38        0.155717184
109 39        0.269425557
109 108        0.107216157
109 107        0.113343978
110 48         0.44592119
110 94        0.433408851
110 111        0.264833153
110 98        0.420357215
110 112        0.220413687
110 95        0.231534241
110 193        0.307442582
110 198        0.328471922
111 171        0.490680343
111 112        0.483847815
111 95        0.410736602
111 165        0.417385457
111 190        0.275948564
111 110        0.264833153
111 94        0.335143484
111 198        0.255458048
112 111        0.483847815
112 41        0.457926353
112 98        0.419715778
112 46        0.436265899
112 48        0.230556996
112 95        0.225335119
112 110        0.220413687
112 193        0.306487417
113 72        0.682221651
113 70        0.645384775
113 43        0.622350965
113 47        0.576392695
113 114        0.219219835
113 71        0.368137319
113 45        0.483181317
113 42        0.464499509
114 72         0.88906366
114 70        0.812440741
114 43        0.772957347
114 47        0.793001956
114 113        0.219219835
114 71        0.561718571
114 45        0.519476166
114 42        0.683396017
115 58         0.56495043
115 85        0.546560611
115 101        0.426518254
115 88        0.498125473
115 64        0.480687833
115 89        0.423623035
115 102        0.372761774
115 116        0.258737909
116 101        0.675922971
116 62        0.666759998
116 89         0.55415331
116 58        0.665673995
116 64        0.357569021
116 88        0.245404085
116 115        0.258737909
116 102        0.629161099
117 140        0.238889961
117 139        0.236174801
117 141        0.221524834
117 143        0.166904715
117 133        0.156426002
117 137        0.194577195
117 126        0.168698724
117 142       0.0726764007
118 211        0.628913816
118 215        0.607818933
118 7        0.480937624
118 299        0.552317709
118 153         0.41390393
118 3        0.410145818
118 120         0.32899576
118 119        0.507634806
119 281        0.552224693
119 118        0.507634806
119 8        0.390359095
119 278        0.479896063
119 120        0.434841254
119 299        0.370830683
119 279        0.266709205
119 7        0.466213862
120 279        0.603570895
120 298        0.533572076
120 147        0.545377146
120 153        0.526618769
120 119        0.434841254
120 148        0.470925349
120 299        0.257693843
120 118         0.32899576
121 84        0.518193577
121 79        0.491985971
121 146        0.453770794
121 138        0.480812906
121 82        0.335613048
121 122        0.241956415
121 83        0.390357231
121 141        0.474606458
122 117        0.459313611
122 142        0.386640109
122 140        0.368872115
122 146        0.376754597
122 138        0.241554539
122 139        0.349318755
122 141         0.24091607
122 121        0.241956415
123 140        0.782278991
123 138        0.755824171
123 84        0.726584468
123 122        0.714023988
123 79        0.467934862
123 81        0.710902181
123 89        0.713899241
123 121        0.702035054
124 157        0.217002558
124 133        0.193093927
124 125        0.212493261
124 132         0.18277943
124 135        0.169205833
124 136        0.151511343
124 137        0.176621399
124 126        0.133554058
125 159        0.242336309
125 234        0.228330206
125 233        0.232589313
125 124        0.212493261
125 127        0.146739723
125 136        0.196226353
125 157        0.205595717
125 160        0.211702143
126 143        0.229272483
126 117        0.168698724
126 158         0.19555234
126 133        0.153718709
126 135        0.130533971
126 136         0.16987914
126 137       0.0699015324
126 124        0.133554058
127 156        0.231630953
127 128        0.193170456
127 155        0.156271112
127 136        0.186139653
127 159        0.138457355
127 160       0.0877543365
127 157        0.144411156
127 125        0.146739723
128 136        0.201497013
128 158        0.179332219
128 127        0.193170456
128 129        0.144056423
128 159       0.0767327012
128 160        0.106980415
128 157        0.137884103
128 156        0.113513833
129 157        0.276627804
129 162        0.260697629
129 149          0.2302294
129 156        0.252030903
129 159        0.211699183
129 160        0.213844274
129 128        0.144056423
129 155        0.190235397
130 139        0.323877948
130 133        0.321127901
130 233        0.314483108
130 218        0.300910502
130 131         0.20907743
130 132         0.19605684
130 134       0.0827926861
130 161        0.296422381
131 132        0.402100925
131 139        0.399487103
131 167        0.311576993
131 219        0.355215306
131 130         0.20907743
131 146        0.256962029
131 161        0.189970252
131 134        0.286492437
132 139         0.32037751
132 125        0.317058671
132 126        0.272466868
132 133        0.204153285
132 130         0.19605684
132 134        0.115609534
132 233        0.195707595
132 124         0.18277943
133 134        0.250263905
133 132        0.204153285
133 137        0.220362561
133 142        0.183667907
133 124        0.193093927
133 139        0.187522264
133 126        0.153718709
133 117        0.156426002
134 218        0.326441827
134 124        0.293565343
134 131        0.286492437
134 139        0.292662222
134 130       0.0827926861
134 233        0.265032986
134 132        0.115609534
134 133        0.250263905
135 124        0.169205833
135 159        0.158422375
135 158        0.101709116
135 126        0.130533971
135 136       0.0675071161
135 137       0.0860774806
135 157        0.106957539
135 156        0.110219615
136 160        0.155356105
136 124        0.151511343
136 158        0.154940387
136 156        0.132580777
136 135       0.0675071161
136 137         0.14610579
136 157       0.0677144947
136 159        0.132304916
137 117        0.194577195
137 157        0.193016224
137 136         0.14610579
137 124        0.176621399
137 135       0.0860774806
137 158        0.126973355
137 126       0.0699015324
137 156        0.172750791
138 133        0.379013785
138 143        0.322120359
138 139         0.29824216
138 117        0.267435605
138 122        0.241554539
138 141        0.138421979
138 140         0.12918976
138 142        0.203640943
139 132         0.32037751
139 138         0.29824216
139 134        0.292662222
139 117        0.236174801
139 146        0.268556831
139 141        0.161639318
139 133        0.187522264
139 142         0.19481315
140 122        0.368872115
140 144        0.284984095
140 139        0.367079318
140 117        0.238889961
140 138         0.12918976
140 141        0.230650068
140 142        0.204197983
140 143        0.223392016
141 143        0.343818702
141 133        0.279104219
141 117        0.221524834
141 122         0.24091607
141 142        0.149538816
141 138        0.138421979
141 139        0.161639318
141 140        0.230650068
142 126        0.237077453
142 143        0.210528828
142 139         0.19481315
142 140        0.204197983
142 141        0.149538816
142 117       0.0726764007
142 133        0.183667907
142 138        0.203640943
143 135        0.267283933
143 140        0.223392016
143 126        0.229272483
143 142        0.210528828
143 137        0.197022816
143 158        0.225134581
143 144        0.147466968
143 117        0.166904715
144 142        0.349377638
144 135        0.349044797
144 137        0.304706032
144 156        0.328317377
144 140        0.284984095
144 143        0.147466968
144 158        0.268176441
144 117        0.313653364
145 158        0.916597935
145 140        0.839082481
145 162        0.704171631
145 143        0.834373408
145 150        0.664866171
145 163         0.49450601
145 144        0.692839938
145 151        0.794198609
146 167        0.403620925
146 134        0.380295855
146 130        0.346524753
146 122        0.376754597
146 82        0.373867901
146 139        0.268556831
146 131        0.256962029
146 141        0.359495118
147 163        0.555086276
147 120        0.545377146
147 155        0.520425729
147 153        0.544419545
147 148        0.281152609
147 149        0.246733881
147 129        0.438241298
147 162        0.448838424
148 162        0.705017855
148 151        0.568350763
148 149        0.514766553
148 299        0.478490206
148 120        0.470925349
148 152        0.428601258
148 147        0.281152609
148 298        0.476391319
149 159        0.418972307
149 153        0.377208108
149 160        0.399307089
149 162        0.374554954
149 147        0.246733881
149 128        0.365739084
149 129          0.2302294
149 155        0.273901468
150 317        0.990481363
150 162        0.986231611
150 152         0.83734762
150 263        0.961609055
150 151        0.474794868
150 262        0.581823144
150 163        0.645435518
150 145        0.664866171
151 145        0.794198609
151 147        0.611668856
151 162        0.702019709
151 262        0.593150972
151 152         0.43876198
151 150        0.474794868
151 163        0.434815404
151 148        0.568350763
152 261        0.793121049
152 263         0.70944126
152 299        0.717498883
152 262        0.590363606
152 147        0.657754173
152 148        0.428601258
152 151         0.43876198
152 298        0.503364075
153 160        0.507299309
153 129        0.494492275
153 149        0.377208108
153 127        0.460950188
153 215         0.32035213
153 155        0.352334762
153 154        0.263393836
153 118         0.41390393
154 159        0.359840721
154 234        0.350486578
154 160        0.304981759
154 125        0.279792394
154 155        0.209121543
154 215        0.233159534
154 127         0.23220663
154 153        0.263393836
155 149        0.273901468
155 157         0.25542945
155 128        0.204731089
155 154        0.209121543
155 159        0.208366247
155 160        0.163778995
155 127        0.156271112
155 129        0.190235397
156 137        0.172750791
156 160        0.153153702
156 136        0.132580777
156 128        0.113513833
156 135        0.110219615
156 159       0.0985751516
156 158       0.0697599301
156 157        0.101277303
157 158        0.152326811
157 127        0.144411156
157 160         0.09175918
157 128        0.137884103
157 135        0.106957539
157 136       0.0677144947
157 159       0.0650688882
157 156        0.101277303
158 126         0.19555234
158 128        0.179332219
158 136        0.154940387
158 159        0.166508528
158 135        0.101709116
158 137        0.126973355
158 156       0.0697599301
158 157        0.152326811
159 158        0.166508528
159 135        0.158422375
159 127        0.138457355
159 136        0.132304916
159 160       0.0548609001
159 128       0.0767327012
159 157       0.0650688882
159 156       0.0985751516
160 135        0.197765251
160 136        0.155356105
160 155        0.163778995
160 156        0.153153702
160 159       0.0548609001
160 128        0.106980415
160 127       0.0877543365
160 157         0.09175918
161 183        0.366209479
161 205        0.355273058
161 130        0.296422381
161 167        0.331696705
161 219        0.172455344
161 182         0.27493089
161 131        0.189970252
161 218        0.317733804
162 144        0.416301796
162 159        0.405431647
162 156        0.379315145
162 158        0.396108411
162 128        0.330710428
162 149        0.374554954
162 129        0.260697629
162 163        0.341210222
163 150        0.645435518
163 144        0.626650316
163 145         0.49450601
163 149        0.624780465
163 129        0.591888057
163 162        0.341210222
163 151        0.434815404
163 147        0.555086276
164 189        0.453050358
164 161        0.450416049
164 166        0.314197931
164 182        0.445221755
164 165        0.335290795
164 183        0.217496849
164 167         0.18643492
164 179        0.433480877
165 83        0.516046688
165 76        0.463692958
165 111        0.417385457
165 94        0.455294914
165 190        0.159102107
165 167        0.392946093
165 82         0.40223894
165 164        0.335290795
166 181        0.469748148
166 167        0.468614091
166 180        0.404940755
166 182        0.401720896
166 183        0.214986901
166 189        0.243420593
166 179        0.247041555
166 164        0.314197931
167 182        0.440066221
167 161        0.331696705
167 82        0.439742209
167 131        0.311576993
167 164         0.18643492
167 146        0.403620925
167 165        0.392946093
167 183        0.296706461
168 205        0.524749311
168 212        0.502674637
168 169        0.481794248
168 180        0.463521799
168 181        0.406156406
168 203        0.305535933
168 194        0.267984697
168 206        0.350084376
169 203        0.779685293
169 180        0.710160072
169 230        0.752701423
169 191        0.669663455
169 194        0.278069018
169 168        0.481794248
169 185        0.349424662
169 202        0.657870208
170 176        0.628006277
170 174         0.57901354
170 198        0.537058363
170 178        0.561479655
170 192        0.430759472
170 171        0.375736021
170 189         0.43010919
170 175        0.427235548
171 112        0.612541835
171 175        0.607689539
171 189        0.568610284
171 111        0.490680343
171 198        0.236758647
171 193         0.34931193
171 170        0.375736021
171 110        0.488764871
172 176        0.784811047
172 171        0.724588999
172 45        0.590342461
172 48        0.669279068
172 193        0.505255937
172 173        0.374345194
172 43        0.439043932
172 112        0.663954387
173 193        0.595982516
173 197        0.580468023
173 175        0.515051224
173 186        0.576124373
173 174        0.523696756
173 176         0.41048774
173 172        0.374345194
173 177        0.567651274
174 195        0.468951205
174 197         0.40480613
174 176        0.126028955
174 188        0.394681573
174 178        0.240475501
174 177        0.111904287
174 175        0.152932279
174 186        0.353464289
175 186         0.49847177
175 192        0.454713569
175 178        0.261176717
175 188        0.449665646
175 177        0.264488782
175 174        0.152932279
175 176        0.216227849
175 170        0.427235548
176 195        0.448137891
176 178        0.366491597
176 173         0.41048774
176 197          0.3447207
176 174        0.126028955
176 175        0.216227849
176 177        0.160704128
176 186        0.303113208
177 188        0.377556273
177 195        0.360223621
177 175        0.264488782
177 197        0.314750699
177 176        0.160704128
177 186        0.260113087
177 174        0.111904287
177 178        0.272631848
178 186        0.523099718
178 187        0.470661844
178 176        0.366491597
178 192        0.342598342
178 175        0.261176717
178 177        0.272631848
178 174        0.240475501
178 188        0.191330226
179 164        0.433480877
179 219        0.395110859
179 166        0.247041555
179 205        0.369454727
179 182        0.204929771
179 181        0.229438452
179 183        0.221299985
179 180        0.254385501
180 183        0.469873119
180 168        0.463521799
180 191        0.461396038
180 203         0.44045646
180 166        0.404940755
180 179        0.254385501
180 181         0.21699794
180 182        0.411820103
181 183        0.429866205
181 168        0.406156406
181 205        0.259667534
181 219        0.389899674
181 182        0.262460871
181 203        0.252134724
181 180         0.21699794
181 179        0.229438452
182 166        0.401720896
182 203        0.400838876
182 161         0.27493089
182 183        0.247505272
182 205        0.217580102
182 181        0.262460871
182 219        0.190536075
182 179        0.204929771
183 181        0.429866205
183 219        0.393191145
183 164        0.217496849
183 161        0.366209479
183 167        0.296706461
183 166        0.214986901
183 179        0.221299985
183 182        0.247505272
184 169        0.826427941
184 236        0.773634562
184 191        0.617060625
184 178        0.667136391
184 187         0.58652502
184 192         0.55606429
184 185        0.523047329
184 188        0.534496162
185 181        0.798228641
185 192        0.680092502
185 180        0.634516908
185 168        0.658034606
185 184        0.523047329
185 169        0.349424662
185 191        0.379330041
185 194        0.571871922
186 178        0.523099718
186 174        0.353464289
186 175         0.49847177
186 177        0.260113087
186 196        0.191426441
186 195        0.162358667
186 176        0.303113208
186 197       0.0558665232
187 196        0.651778678
187 186        0.624941998
187 174        0.605143552
187 184         0.58652502
187 177        0.537283667
187 178        0.470661844
187 188        0.296795594
187 195         0.55209399
188 184        0.534496162
188 176        0.513583748
188 177        0.377556273
188 175        0.449665646
188 174        0.394681573
188 187        0.296795594
188 178        0.191330226
188 192        0.410071582
189 171        0.568610284
189 180        0.553068794
189 164        0.453050358
189 198        0.542940585
189 170         0.43010919
189 166        0.243420593
189 183        0.444579329
189 179        0.475420014
190 83        0.513199677
190 198        0.479254939
190 82        0.494950871
190 164        0.477419064
190 94        0.315314997
190 111        0.275948564
190 165        0.159102107
190 76         0.39668444
191 179        0.661923126
191 170         0.62832631
191 166        0.652993846
191 189        0.615356396
191 184        0.617060625
191 185        0.379330041
191 180        0.461396038
191 192         0.40840992
192 177        0.602128718
192 184         0.55606429
192 174        0.534259284
192 188        0.410071582
192 170        0.430759472
192 175        0.454713569
192 178        0.342598342
192 191         0.40840992
193 172        0.505255937
193 111        0.496093039
193 48        0.483791873
193 95        0.486536443
193 110        0.307442582
