0 339 municipal_humanCapital_bolivia_PCA POLY_ID
1 212         1.04912379
1 202        0.931808952
1 218         0.73176824
1 204        0.820713562
1 206        0.873799145
1 203        0.753184056
1 168        0.744460693
1 194        0.736977752
1 278        0.773168121
1 281        0.931265344
1 277        0.758078463
1 13        0.993618255
1 14        0.811384482
1 10         0.85178703
1 232         0.87853945
1 228        0.871988245
1 227         1.05158706
1 201         1.12650788
1 199         1.31078657
1 208         1.33659536
1 200         1.44161448
1 209         2.43938874
1 210         1.29200494
1 213         1.92249471
1 211         2.75105347
1 279         0.91190588
1 119         1.17898376
1 8         1.59638292
1 6         1.68403867
1 299        0.909682057
1 9         1.37036241
1 20        0.785905492
1 17         2.58344727
1 7         2.49286491
1 120          1.0662504
1 234        0.853832767
1 233        0.755641005
1 214           1.071099
1 125        0.780684097
1 153         1.11377629
1 147        0.737716269
1 155         0.81650042
1 154        0.954446144
1 127        0.781917671
1 149        0.792546376
1 160        0.739675447
1 215         1.16795135
1 3         2.91191352
1 229         1.19591888
1 18         2.81611193
1 118         1.58325098
1 207          1.9193478
1 2         3.47595947
1 23         1.05201308
1 12         1.12738004
1 5        0.924247853
1 11         1.26938998
2 212        0.937926109
2 202         1.05394439
2 204        0.737909973
2 206        0.806791591
2 168        0.729857795
2 194        0.753739893
2 281        0.855307111
2 4        0.788917983
2 13         1.09323545
2 14        0.914131014
2 10        0.897590198
2 232          1.0800865
2 228         1.14006583
2 227         1.50228013
2 217        0.879497353
2 201         1.37314441
2 199         1.80598203
2 208         2.04524128
2 200         1.55857126
2 209         3.45521941
2 210          1.1668985
2 213         1.65303118
2 211         1.78963943
2 279        0.774757265
2 119        0.938953626
2 8         1.30962882
2 6         1.70949787
2 299        0.738403062
2 9         1.74994239
2 20        0.995485009
2 17          2.7039336
2 7         1.66998303
2 120        0.824516124
2 214        0.884951209
2 153        0.847963015
2 154        0.762543113
2 215        0.904854214
2 3         1.62569601
2 229          1.7507372
2 18         5.11007328
2 118         1.09176949
2 1         3.47595947
2 207         4.23499135
2 23        0.997265155
2 12         1.30338859
2 5         1.12248807
2 11         1.29441937
3 133        0.746933659
3 132        0.838856828
3 212         1.29732384
3 202         0.85837976
3 134        0.789427662
3 218        0.923377424
3 130        0.767419372
3 204         1.01245231
3 206         1.03272644
3 162        0.774036357
3 124        0.867919043
3 219        0.777445448
3 205         0.82319103
3 203        0.872032618
3 168        0.808676595
3 194        0.758947393
3 283        0.735341015
3 278        0.771342161
3 281        0.831709779
3 13        0.771674316
3 232         0.75253957
3 227        0.796751362
3 201        0.965639266
3 199         1.02497461
3 208        0.984213524
3 200          1.3247206
3 209         1.62583106
3 210         1.52574666
3 213         2.13811455
3 211         4.52224859
3 279        0.922637483
3 298        0.795574741
3 119         1.22375741
3 8         1.31971204
3 6         1.16069439
3 299         1.04642774
3 9        0.945085566
3 17         1.44998519
3 7         1.96077293
3 120         1.35355724
3 234         1.17607894
3 233        0.996798022
3 214         1.54483323
3 156        0.860818954
3 157         0.92590563
3 125         1.06117049
3 158        0.814780428
3 136        0.899519037
3 135        0.849565857
3 137        0.795402289
3 126        0.792215679
3 148        0.872018445
3 153         1.76399436
3 147         0.94064722
3 155         1.13229511
3 154         1.41977048
3 127          1.0687279
3 149         1.06372828
3 160        0.991531233
3 159        0.940487288
3 129        0.951065409
3 128        0.922312374
3 215         1.92580314
3 229        0.849148743
3 18         1.43463913
3 118         2.43815725
3 1         2.91191352
3 207         1.17491967
3 2         1.62569601
3 23        0.881668553
3 12         0.83658763
3 11         0.96091049
4 247        0.921671468
4 13         1.33056891
4 14         1.94238881
4 10         1.17470497
4 15         2.53316141
4 16           1.691223
4 273         1.10387076
4 27         1.44239476
4 275         1.04563815
4 270         1.12593828
4 274        0.820905175
4 276        0.732208521
4 249        0.786915076
4 28         1.00558352
4 228        0.811361487
4 227        0.986161083
4 217         0.98659453
4 208        0.803567408
4 22         1.81615311
4 6        0.922657234
4 9         1.27934251
4 20          2.1420081
4 17        0.860404279
4 248        0.794629174
4 229         1.36059242
4 18        0.882002428
4 207        0.930663044
4 2        0.788917983
4 19          1.1949724
4 24        0.851694764
4 23        0.808629148
4 12          1.3768017
4 5         2.33085869
4 11         0.97809284
4 21         2.31294851
4 25         1.42385907
5 281         0.92973635
5 277        0.856524401
5 4         2.33085869
5 13         2.57417182
5 14          3.3589059
5 10          1.7714537
5 15         1.83900065
5 16         1.00971257
5 273        0.858495984
5 27         1.30052499
5 275        0.904513999
5 270         1.09071596
5 274        0.889037161
5 28        0.739822331
5 228        0.894665647
5 227         1.18362895
5 217        0.957151509
5 199        0.844757839
5 208         1.00478682
5 209        0.878079508
5 22         1.18919627
5 8         1.00473188
5 6         1.52342898
5 9         2.79265921
5 20         1.94294973
5 17         1.35517448
5 7         0.93535002
5 229         2.16738109
5 18         1.36364297
5 1        0.924247853
5 207         1.35838361
5 2         1.12248807
5 19        0.979308822
5 23         1.16140105
5 12         3.21548288
5 11          1.6261932
5 21         1.22159901
5 25        0.911021724
6 282        0.747967229
6 284        0.751375556
6 283        0.828244605
6 285        0.937829178
6 278        0.992334037
6 281         1.62109332
6 280        0.949931331
6 277         1.21497717
6 4        0.922657234
6 13         2.28716149
6 14         1.43201303
6 10         1.71814969
6 15        0.927727808
6 27        0.854491405
6 270         0.81590091
6 274        0.822252943
6 228        0.764115167
6 227         0.96770936
6 201        0.765809984
6 199         0.89915842
6 208         1.00844312
6 200         0.82180385
6 209         1.14913244
6 210        0.733345494
6 213        0.903845356
6 211          1.0499292
6 279         1.13945145
6 298        0.740681751
6 119         1.34989316
6 8         2.85340141
6 299        0.904590277
6 9         2.92092317
6 20        0.948670376
6 17         4.50613693
6 7         2.35259191
6 120        0.928309126
6 153         0.77043737
6 215        0.731371963
6 3         1.16069439
6 229         1.43029277
6 18         2.50541049
6 118         1.10409161
6 1         1.68403867
6 207         1.58060448
6 2         1.70949787
6 23         2.34707875
6 12         2.72069305
6 5         1.52342898
6 11         5.10739203
7 212        0.788591959
7 282        0.780082965
7 284        0.851322898
7 283         0.97522261
7 285        0.970642185
7 278         1.11963583
7 281         1.42451503
7 280        0.879220161
7 277         1.04924192
7 13          1.1727103
7 14        0.891914721
7 10         1.04294587
7 227        0.812681054
7 201        0.779515768
7 199        0.877595187
7 208        0.919701756
7 200        0.915182085
7 209          1.2439016
7 210        0.891474175
7 213         1.12914391
7 211         1.49175239
7 279         1.42753952
7 298        0.944371658
7 119         2.14493837
7 8         3.99881702
7 6         2.35259191
7 299           1.290982
7 9         1.37993089
7 17         2.73065683
7 120           1.459558
7 234        0.754731119
7 214        0.867671695
7 125        0.729397403
7 148        0.865427659
7 153         1.14183906
7 147        0.836109148
7 155        0.814258744
7 154        0.909007084
7 127         0.75448019
7 149        0.850510661
7 129        0.737925087
7 215         1.02552017
7 3         1.96077293
7 229         1.00515123
7 18         1.92677776
7 118         2.07927172
7 1         2.49286491
7 207         1.28505701
7 2         1.66998303
7 23         1.60097567
7 12         1.26252106
7 5         0.93535002
7 11         1.76050887
8 282        0.926267471
8 284        0.980928912
8 283         1.13164328
8 285         1.22415628
8 278         1.40735552
8 281          2.2053072
8 280         1.11786798
8 277         1.42084749
8 13          1.4170965
8 14         1.01743597
8 10         1.30524758
8 15        0.735692567
8 274        0.770528094
8 227        0.750837563
8 199        0.759180142
8 208        0.809251395
8 200        0.758251114
8 209        0.992448644
8 210        0.730112432
8 213        0.885279989
8 211         1.08740804
8 279         1.82145978
8 298        0.999340551
8 119         2.56174382
8 6         2.85340141
8 299         1.32147405
8 9         1.44376628
8 17         2.31260761
8 7         3.99881702
8 120         1.32938753
8 148        0.833352794
8 153        0.942330343
8 147        0.772513741
8 154        0.767311818
8 149        0.758933843
8 215        0.832650439
8 3         1.31971204
8 229        0.967642475
8 18         1.58917752
8 118         1.54296268
8 1         1.59638292
8 207         1.11801571
8 2         1.30962882
8 23         2.60047143
8 12         1.44789133
8 5         1.00473188
8 11         2.44630787
9 285         0.73464816
9 278        0.752727643
9 281         1.11638164
9 280         0.77319598
9 277        0.947366525
9 4         1.27934251
9 13           2.674008
9 14          1.9138338
9 10         1.68779441
9 15         1.15283162
9 16        0.741761336
9 27        0.964923063
9 270        0.874713796
9 274        0.802185465
9 232        0.778622651
9 228        0.944414799
9 227         1.29457756
9 217         0.89347949
9 201        0.836823364
9 199         1.02216961
9 208         1.22628472
9 200        0.836965436
9 209         1.18192456
9 213        0.852554557
9 211        0.922399513
9 279        0.824135701
9 22        0.901438395
9 119        0.923513324
9 8         1.44376628
9 6         2.92092317
9 20         1.40452553
9 17         2.62662872
9 7         1.37993089
9 3        0.945085566
9 229         2.55933095
9 18         2.54869315
9 118        0.835701698
9 1         1.37036241
9 207         2.07765637
9 2         1.74994239
9 19        0.827302528
9 23         1.46984276
9 12         4.73535709
9 5         2.79265921
9 11         2.53258737
9 21        0.878144016
10 272        0.784228058
10 282        0.788722255
10 283        0.752244505
10 285        0.972088358
10 278        0.919102705
10 281         1.63132014
10 280         1.17840122
10 277         1.58534455
10 4         1.17470497
10 13         4.53257256
10 14         2.97109688
10 15         1.54880145
10 16        0.813591028
10 273        0.877318953
10 27         1.58682228
10 275         1.06081719
10 270         1.53632175
10 274         1.51633263
10 227        0.747886504
10 279        0.934646122
10 22        0.731397284
10 119        0.928983209
10 8         1.30524758
10 6         1.71814969
10 9         1.68779441
10 20        0.927263385
10 17         1.26483936
10 7         1.04294587
10 229         1.06793046
10 18         1.08862136
10 1         0.85178703
10 207        0.934542795
10 2        0.897590198
10 23         2.24628978
10 12          2.6009877
10 5          1.7714537
10 11         2.52076443
10 21         0.77904361
11 282        0.809421835
11 284        0.785225213
11 283        0.857210199
11 285         1.03396682
11 278         1.05717874
11 281         1.99576083
11 280         1.10257957
11 277         1.49105622
11 4         0.97809284
11 13         3.36618089
11 14         1.74177448
11 10         2.52076443
11 15         1.05099487
11 27        0.992216232
11 275        0.749939075
11 270        0.955390239
11 274        0.979710012
11 227        0.866502699
11 199        0.779095599
11 208        0.870311712
11 209        0.943087416
11 213         0.76805819
11 211        0.874342856
11 279         1.17135201
11 298        0.735322779
11 119         1.28900571
11 8         2.44630787
11 6         5.10739203
11 299        0.872220871
11 9         2.53258737
11 20        0.927214026
11 17          2.3997793
11 7         1.76050887
11 120        0.861450047
11 3         0.96091049
11 229         1.27433348
11 18          1.7212465
11 118        0.965797563
11 1         1.26938998
11 207         1.26468851
11 2         1.29441937
11 23         3.49902115
11 12         3.28828591
11 5          1.6261932
12 285        0.803431482
12 278        0.804993429
12 281         1.28228089
12 280        0.878076896
12 277         1.10819241
12 4          1.3768017
12 13         6.09260993
12 14         2.88648777
12 10          2.6009877
12 15         1.39095034
12 16        0.801170638
12 273        0.756990078
12 27         1.17641248
12 275        0.837779755
12 270         1.06102201
12 274        0.965592479
12 228        0.802643162
12 227         1.04265117
12 217        0.792466552
12 199        0.840913838
12 208        0.976702651
12 209          0.9534673
12 213        0.735507887
12 211        0.800479612
12 279        0.863858648
12 22        0.872580718
12 119        0.932857094
12 8         1.44789133
12 6         2.72069305
12 9         4.73535709
12 20         1.26967138
12 17         1.97460872
12 7         1.26252106
12 3         0.83658763
12 229         1.78056725
12 18         1.73064368
12 118        0.785564639
12 1         1.12738004
12 207         1.44419681
12 2         1.30338859
12 19        0.770239208
12 23         1.77934887
12 5         3.21548288
12 11         3.28828591
12 21        0.885741338
13 285        0.871251807
13 278        0.854566056
13 281         1.44058773
13 280        0.988065266
13 277          1.2821155
13 4         1.33056891
13 14         3.60645776
13 10         4.53257256
13 15          1.5274024
13 16        0.820976427
13 273        0.815673486
13 27            1.36205
13 275        0.933209423
13 270         1.24360038
13 274         1.14558157
13 227        0.894110917
13 199        0.739507837
13 208        0.841792334
13 209        0.833145421
13 211        0.729999444
13 279        0.899332993
13 22        0.816658459
13 119        0.939591581
13 8          1.4170965
13 6         2.28716149
13 9           2.674008
13 20         1.11326582
13 17          1.6143229
13 7          1.1727103
13 3        0.771674316
13 229         1.39162892
13 18          1.3864957
13 118        0.753315923
13 1        0.993618255
13 207         1.17075281
13 2         1.09323545
13 23         2.05799484
13 12         6.09260993
13 5         2.57417182
13 11         3.36618089
13 21        0.850778917
14 285        0.733558652
14 281         1.07226647
14 280        0.845458288
14 277         1.03376048
14 4         1.94238881
14 13         3.60645776
14 10         2.97109688
14 15         2.62925831
14 16          1.0622103
14 273         1.02607671
14 27         1.94518623
14 275         1.16405066
14 270         1.57379555
14 274         1.20776744
14 276        0.733856373
14 28        0.812632269
14 227        0.877139262
14 217        0.751114158
14 208        0.785826873
14 209        0.732486384
14 22        0.965118319
14 119         0.74674765
14 8         1.01743597
14 6         1.43201303
14 9          1.9138338
14 20         1.28057722
14 17         1.17254673
14 7        0.891914721
14 229         1.33572947
14 18         1.09621822
14 1        0.811384482
14 207         1.01989334
14 2        0.914131014
14 19        0.789042857
14 23         1.35167653
14 12         2.88648777
14 5          3.3589059
14 11         1.74177448
14 21         1.05580341
14 25        0.822849734
15 247        0.730922877
15 281        0.795195233
15 277         0.80757716
15 4         2.53316141
15 13          1.5274024
15 14         2.62925831
15 10         1.54880145
15 16         1.71371227
15 273         1.60832678
15 27         3.34951461
15 275         1.70195096
15 270         2.02405021
15 274         1.18553819
15 276        0.952313301
15 28         1.17576592
15 227        0.750635141
15 22         1.07402374
15 8        0.735692567
15 6        0.927727808
15 9         1.15283162
15 20          1.1946445
15 17         0.81797295
15 229         1.01466696
15 18        0.794400398
15 207        0.781329991
15 19        0.812689725
15 23        0.920514751
15 12         1.39095034
15 5         1.83900065
15 11         1.05099487
15 21         1.31433804
15 25         1.01110462
16 247         1.06675824
16 239        0.886569997
16 245        0.743936346
16 4           1.691223
16 13        0.820976427
16 14          1.0622103
16 10        0.813591028
16 15         1.71371227
16 273         1.85257421
16 27         1.36695709
16 275         1.30644108
16 270         1.11078658
16 274        0.768134559
16 276         1.03301931
16 249         1.24162802
16 244        0.733977177
16 28         2.31090086
16 243        0.815381949
16 29        0.878355689
16 22         1.23280351
16 9        0.741761336
16 20         1.01056761
16 248        0.803673148
16 229        0.755652293
16 19        0.872505455
16 24        0.748247033
16 12        0.801170638
16 5         1.00971257
16 21         1.77867893
16 25         1.59786017
17 212        0.748514782
17 202        0.758381767
17 283        0.760274299
17 285        0.813967612
17 278        0.876998861
17 281         1.24469162
17 280        0.800337562
17 277        0.974106075
17 4        0.860404279
17 13          1.6143229
17 14         1.17254673
17 10         1.26483936
17 15         0.81797295
17 27        0.740909905
17 232        0.784351633
17 228        0.862242779
17 227         1.11048469
17 217        0.749218122
17 201        0.911628156
17 199         1.09585562
17 208         1.23244497
17 200         1.00455137
17 209         1.53677389
17 210        0.871562735
17 213         1.12445154
17 211         1.33256555
17 279          1.0197955
17 119         1.26279331
17 8         2.31260761
17 6         4.50613693
17 299        0.884486793
17 9         2.62662872
17 20        0.962210199
17 7         2.73065683
17 120        0.951388008
17 214        0.760295045
17 153        0.846558087
17 215        0.828339567
17 3         1.44998519
17 229         1.58549155
17 18         4.96481136
17 118         1.21749904
17 1         2.58344727
17 207         2.15964916
17 2          2.7039336
17 23         1.57995588
17 12         1.97460872
17 5         1.35517448
17 11          2.3997793
18 212        0.804820179
18 202        0.881736513
18 278        0.746712729
18 281        0.998009583
18 277        0.819910384
18 4        0.882002428
18 13          1.3864957
18 14         1.09621822
18 10         1.08862136
18 15        0.794400398
18 232        0.930810434
18 228         1.03692022
18 227         1.40030544
18 217        0.859143762
18 201         1.10291185
18 199          1.3982665
18 208         1.63928139
18 200         1.19431596
18 209         2.06211179
18 210        0.962322072
18 213         1.27736307
18 211          1.4369336
18 279        0.851582966
18 22        0.739748199
18 119         1.02887437
18 8         1.58917752
18 6         2.50541049
18 299        0.773054673
18 9         2.54869315
18 20         1.07190445
18 17         4.96481136
18 7         1.92677776
18 120        0.842984845
18 214        0.785192838
18 153        0.807755457
18 215        0.825596848
18 3         1.43463913
18 229         1.99654887
18 118         1.08601778
18 1         2.81611193
18 207         3.75489623
18 2         5.11007328
18 19        0.734361762
18 23         1.21449037
18 12         1.73064368
18 5         1.36364297
18 11          1.7212465
19 247         1.27904629
19 239        0.901060488
19 245        0.816243584
19 4          1.1949724
19 14        0.789042857
19 15        0.812689725
19 16        0.872505455
19 249         0.74100873
19 220        0.912768977
19 221        0.895603618
19 232        0.871334563
19 231        0.748646691
19 228         1.29408756
19 227         1.30601244
19 216         1.61974888
19 217          2.6691829
19 201        0.736896898
19 199        0.829072827
19 208        0.950144874
19 22          2.9707137
19 9        0.827302528
19 20         1.95687799
19 248         1.46140129
19 246        0.841921182
19 229         1.14838741
19 18        0.734361762
19 207        0.872167394
19 24         2.46473282
19 26         1.40390061
19 12        0.770239208
19 5        0.979308822
19 21         1.71228355
19 25         1.55700298
20 247        0.915177438
20 4          2.1420081
20 13         1.11326582
20 14         1.28057722
20 10        0.927263385
20 15          1.1946445
20 16         1.01056761
20 273        0.729655304
20 27        0.885683449
20 270        0.761425846
20 232        0.876612173
20 228         1.30045139
20 227         1.73704978
20 216        0.990418248
20 217         1.76797863
20 201        0.809106522
20 199        0.968839324
20 208         1.19075821
20 209        0.868296568
20 22          2.3872315
20 6        0.948670376
20 9         1.40452553
20 17        0.962210199
20 248        0.886683424
20 229         2.29225293
20 18         1.07190445
20 1        0.785905492
20 207         1.28960668
20 2        0.995485009
20 19         1.95687799
20 24         1.09600402
20 26        0.826103481
20 23         0.74116958
20 12         1.26967138
20 5         1.94294973
20 11        0.927214026
20 21         1.85082291
20 25         1.28046568
21 247         1.52637717
21 239         1.03192357
21 245        0.861813554
21 4         2.31294851
21 13        0.850778917
21 14         1.05580341
21 10         0.77904361
21 15         1.31433804
21 16         1.77867893
21 273        0.938816971
21 27        0.962617882
21 275        0.820695618
21 270         0.80829228
21 249         1.04940902
21 28         1.01476893
21 228        0.815069075
21 227        0.914708191
21 216        0.833284526
21 217         1.11928722
21 22         4.01063304
21 9        0.878144016
21 20         1.85082291
21 248         1.19452225
21 246        0.747861246
21 229         1.04109264
21 207        0.764232909
21 19         1.71228355
21 24         1.22303937
21 26         0.97284784
21 12        0.885741338
21 5         1.22159901
21 25         3.58310686
22 247         1.48414378
22 239        0.987121047
22 245        0.850197955
22 4         1.81615311
22 13        0.816658459
22 14        0.965118319
22 10        0.731397284
22 15         1.07402374
22 16         1.23280351
22 273        0.766799795
22 27        0.816961368
22 249        0.893756219
22 28        0.810047459
22 220        0.745927409
22 228        0.995946283
22 227         1.10487882
22 216         1.04828749
22 217         1.53640682
22 208        0.838255529
22 9        0.901438395
22 20          2.3872315
22 248         1.34703091
22 246        0.790371803
22 229         1.17076462
22 18        0.739748199
22 207        0.843220487
22 19          2.9707137
22 24         1.60229215
22 26         1.13749158
22 12        0.872580718
22 5         1.18919627
22 21         4.01063304
22 25          2.5780488
23 254         0.81476651
23 272         0.87630567
23 282         1.05081818
23 284        0.989381581
23 283          1.0890313
23 285         1.45963204
23 278         1.45872085
23 281         4.57669581
23 280         1.59110563
23 277         2.51881615
23 4        0.808629148
23 13         2.05799484
23 14         1.35167653
23 10         2.24628978
23 15        0.920514751
23 27        0.939286143
23 275        0.738741635
23 270        0.952982285
23 274         1.09464101
23 260        0.731504333
23 209        0.780676615
23 211        0.781892022
23 279         1.58028358
23 298        0.864265722
23 119         1.57408568
23 8         2.60047143
23 6         2.34707875
23 299          1.0115525
23 9         1.46984276
23 20         0.74116958
23 17         1.57995588
23 7         1.60097567
23 120         0.94123039
23 3        0.881668553
23 229        0.934144877
23 18         1.21449037
23 118        0.980074129
23 1         1.05201308
23 207        0.946247508
23 2        0.997265155
23 12         1.77934887
23 5         1.16140105
23 11         3.49902115
24 247         1.55717367
24 239          1.1112784
24 245         1.04941359
24 4        0.851694764
24 16        0.748247033
24 249        0.775616216
24 237         1.00778592
24 220         1.39465993
24 221         1.12842919
24 225        0.742039155
24 232        0.730574847
24 228        0.960242027
24 227        0.896703867
24 216           1.740144
24 217         1.53155962
24 22         1.60229215
24 20         1.09600402
24 248          2.6525849
24 246         1.22909663
24 229        0.786027155
24 19         2.46473282
24 26         3.21482821
24 21         1.22303937
24 25         1.37911492
25 247         2.59966811
25 239         1.44910641
25 245         1.13145429
25 240        0.790614522
25 4         1.42385907
25 14        0.822849734
25 15         1.01110462
25 16         1.59786017
25 273        0.858247792
25 27        0.804188355
25 275         0.73076856
25 249         1.36693261
25 28         1.01094252
25 243        0.861214872
25 227        0.773415236
25 216        0.824097377
25 217        0.994606798
25 22          2.5780488
25 20         1.28046568
25 248         1.59122836
25 246        0.914236031
25 229        0.823588383
25 19         1.55700298
25 24         1.37911492
25 26         1.16155037
25 5        0.911021724
25 21         3.58310686
26 247         1.59242833
26 239         1.29424396
26 245         1.31955679
26 240        0.867835696
26 249        0.794604192
26 237         1.43612874
26 220         1.94100796
26 221         1.13759589
26 225        0.866574219
26 228        0.753624248
26 216         1.30237867
26 217         1.04968061
26 22         1.13749158
26 20        0.826103481
26 248         3.68551327
26 246         1.92661385
26 19         1.40390061
26 24         3.21482821
26 21         0.97284784
26 25         1.16155037
27 281        0.836459657
27 280        0.788281095
27 277        0.894570682
27 4         1.44239476
27 13            1.36205
27 14         1.94518623
27 10         1.58682228
27 15         3.34951461
27 16         1.36695709
27 273         1.95997733
27 275         2.89837466
27 270         5.02847195
27 274         1.72136766
27 276         1.17364076
27 28         1.17743894
27 29        0.804384571
27 22        0.816961368
27 6        0.854491405
27 9        0.964923063
27 20        0.885683449
27 17        0.740909905
27 229        0.813625123
27 23        0.939286143
27 12         1.17641248
27 5         1.30052499
27 11        0.992216232
27 21        0.962617882
27 25        0.804188355
28 247        0.822285609
28 239        0.764949003
28 4         1.00558352
28 14        0.812632269
28 15         1.17576592
28 16         2.31090086
28 273         2.56184347
28 27         1.17743894
28 275         1.44903962
28 270         1.05673611
28 274        0.755367531
28 276         1.55887145
28 249         1.20711424
28 244         1.03426227
28 243        0.876689855
28 29         1.39697808
28 242        0.890330532
28 22        0.810047459
28 5        0.739822331
28 21         1.01476893
28 25         1.01094252
29 16        0.878355689
29 273         1.29945327
29 27        0.804384571
29 275         1.08615735
29 270        0.817473695
29 276         2.30416022
29 249        0.733019846
29 244         1.47855521
29 28         1.39697808
29 242        0.873473753
30 55        0.889089428
30 63          1.1934386
30 59         1.05127428
30 56        0.970408066
30 50        0.779131472
30 62          1.6970696
30 60         1.07160715
30 54        0.941065222
30 53         0.77454248
30 57         1.45259929
30 51        0.888404421
30 116         1.23579226
30 58         2.28730454
30 64         1.23209227
30 88        0.949135184
30 115         1.71949076
30 107        0.914963341
30 105         0.74732867
30 36         1.05234789
30 38         1.15306737
30 61         1.16657124
30 40          1.2817958
30 39         1.38960215
30 35          1.4124302
30 92         2.16462538
30 44         1.08992874
30 91         1.55188472
30 90         2.06361147
30 69         1.21508846
30 72         1.03028762
30 47        0.915237599
30 42        0.801099389
30 68         1.04612068
30 73         1.07552494
30 108         1.11566727
30 71         0.77039227
30 70        0.908182834
30 109         1.01225799
30 74         1.01460115
30 46         1.02110033
30 96         1.09842162
30 77        0.995579383
30 99         1.14643701
30 75         1.25376505
30 97         1.35790229
30 100         1.23992585
30 83        0.780759426
30 76        0.822403296
30 94        0.795340161
30 95        0.808649287
30 48        0.775703556
30 98        0.951893662
30 41         0.90416925
30 93         1.43644648
30 37         1.60866268
30 86         1.73828179
30 34         2.63183694
30 87         3.16549249
30 85         2.05217043
30 101         5.02100813
30 102         2.46035646
30 89         1.22262954
30 67         1.51521976
30 32          1.8149771
30 79        0.893261882
30 31         1.92464284
30 33         1.93056705
30 81         1.15834523
30 84        0.997159239
30 78         1.27437602
30 80         1.07705674
31 63        0.737015545
31 62        0.904068618
31 57        0.862861046
31 116        0.871695834
31 58         1.04710279
31 64        0.789528975
31 115         1.12555411
31 107         0.74257494
31 36        0.756655618
31 38        0.859217055
31 61        0.794770713
31 40        0.947065385
31 39         1.01700879
31 35        0.943637892
31 92         1.26891578
31 44          1.4584921
31 91         1.56685497
31 90         1.50456773
31 69         1.14122568
31 72          1.0884881
31 47          1.0339263
31 42        0.928834352
31 68         1.00355083
31 73        0.954716349
31 108        0.887545795
31 71        0.806745206
31 70        0.867170692
31 109        0.810813727
31 74         2.13519543
31 46          1.6760345
31 96         2.20410539
31 77         1.89487056
31 99         1.85191614
31 75         3.47994492
31 97         2.75058494
31 100         1.88311405
31 83         1.22251016
31 110         1.02328234
31 76         1.39776343
31 94         1.35547863
31 112         1.05615235
31 95         1.32071771
31 43        0.767414002
31 48          1.1105096
31 98         1.79534091
31 41         1.26577014
31 193        0.806422325
31 93         1.12308263
31 37          1.0912492
31 198        0.792951524
31 123        0.777485974
31 86         2.84069842
31 34         2.34784043
31 87         4.10739662
31 85          2.4992494
31 30         1.92464284
31 101         1.97325161
31 102         1.90297782
31 89         1.14636599
31 67         2.04412979
31 32         6.20395657
31 79         1.17879369
31 33         3.34170992
31 81         1.72591305
31 84         1.56311377
31 78         3.25643994
31 80         1.92893888
31 121        0.887308524
31 122         0.73243019
31 190        0.959664242
31 111        0.963968491
31 165        0.865245962
31 82        0.890151463
32 63        0.731381028
32 62        0.879702495
32 60        0.748109531
32 57        0.889418706
32 116        0.794090505
32 58         1.01580535
32 64        0.744556254
32 115        0.997912037
32 107        0.811879404
32 36        0.806012017
32 38        0.939365891
32 61        0.840677225
32 40         1.04740667
32 39         1.13376344
32 35         1.01990125
32 92         1.39469748
32 44         1.90310729
32 91         2.00722561
32 90         1.76876431
32 69         1.36113622
32 72         1.31147598
32 47         1.24021056
32 42          1.0918261
32 68          1.1770908
32 73         1.09698746
32 108        0.988378288
32 71        0.925776983
32 70        0.995118465
32 109         0.89367599
32 74          1.9645431
32 46          2.1555869
32 96         2.77358429
32 77         1.60064291
32 99         2.56335034
32 75         3.63692075
32 97         4.59048972
32 100         2.68880151
32 83         1.09501339
32 110         1.09286457
32 76          1.2820997
32 94         1.33684547
32 112         1.17398149
32 95         1.45838408
32 43        0.863245814
32 48         1.28955013
32 98         1.99100686
32 41         1.55719019
32 193        0.866519299
32 93         1.28767943
32 37            1.20913
32 198        0.820145718
32 86         1.95191472
32 34         2.97581102
32 87         2.86845663
32 85         1.81669767
32 30          1.8149771
32 101         1.68621174
32 102         1.52717995
32 89         0.97608642
32 67         3.00874044
32 79        0.998701342
32 31         6.20395657
32 33         6.36447874
32 81          1.3592898
32 84         1.28024363
32 78         2.37288167
32 80         1.53625275
32 121        0.801228053
32 190        0.941401664
32 111        0.985242718
32 165        0.839869831
32 82        0.826739489
33 63        0.775775078
33 59        0.751540015
33 56        0.739583719
33 62         0.92586066
33 60         0.82477489
33 54        0.769014923
33 57        0.987675591
33 51        0.773891571
33 116        0.776591377
33 58          1.0754641
33 64        0.752388734
33 115        0.964690113
33 107        0.929356785
33 36        0.910771605
33 38         1.09401521
33 61        0.948840453
33 40          1.2438568
33 39         1.36697408
33 35          1.1900057
33 92         1.70765891
33 44         2.30297386
33 91         2.92163876
33 90          2.3859934
33 69         1.72499723
33 72         1.60651809
33 47         1.45915457
33 42         1.23224579
33 68         1.43334109
33 73         1.32433971
33 108         1.16775988
33 71         1.05442932
33 70         1.17078498
33 109         1.03784414
33 74          1.5304786
33 46         2.16220688
33 96         2.33788714
33 77         1.28050506
33 99         2.81740334
33 75          2.4353936
33 97         4.37523198
33 100         3.34794411
33 83        0.935957057
33 110          1.0161557
33 76         1.07714594
33 94         1.14441248
33 112         1.12686192
33 95         1.32855145
33 43        0.902133211
33 48         1.29670735
33 98         1.68509263
33 41          1.6779752
33 113        0.793165134
33 193        0.837611709
33 93         1.60759641
33 37         1.46478339
33 198         0.76833846
33 86          1.5786577
33 34         4.79166526
33 87         2.43419869
33 85         1.54302502
33 30         1.93056705
33 101         1.63457635
33 102         1.39104392
33 89        0.895513887
33 67          5.0337254
33 32         6.36447874
33 79        0.871407443
33 31         3.34170992
33 81         1.13862561
33 84         1.07036351
33 78         1.72906402
33 80         1.24016543
33 190        0.840977543
33 111         0.89659845
33 165         0.75522922
33 82        0.734088061
34 55         0.79626871
34 63        0.917412974
34 59        0.890715246
34 56        0.874284576
34 50        0.760143808
34 62         1.11544526
34 49        0.733354144
34 60        0.994348365
34 54        0.910936939
34 53        0.794477774
34 57         1.24409517
34 51         0.90957464
34 116        0.842907141
34 58         1.33319998
34 64        0.847360803
34 115         1.05339446
34 107         1.08384218
34 36         1.10414013
34 38         1.35420108
34 61         1.17150685
34 40         1.58704032
34 39         1.79396212
34 35         1.55071596
34 92         2.62051615
34 44           1.847589
34 91         3.53606248
34 90         4.18881976
34 69         1.99796751
34 72         1.63700069
34 47         1.39101008
34 42         1.14878903
34 68         1.58075922
34 73         1.53818152
34 108         1.42177298
34 71         1.05906069
34 70         1.26861319
34 109         1.23557425
34 74         1.18334959
34 46         1.54660767
34 96         1.57435676
34 77         1.05547956
34 99           1.901453
34 75         1.64377351
34 97         2.31779964
34 100         2.24287873
34 83        0.807693589
34 110        0.841333889
34 76        0.897100144
34 94        0.927744853
34 112        0.925617766
34 95         1.04414453
34 43        0.811178429
34 48         1.06024689
34 98         1.24671163
34 41         1.35016069
34 113        0.776520307
34 93         2.13724139
34 37         2.02381632
34 86         1.43987636
34 87         2.40299881
34 85         1.49140909
34 30         2.63183694
34 101         1.89176996
34 102         1.45552611
34 89        0.902655473
34 67         3.49632692
34 32         2.97581102
34 79        0.803817232
34 31         2.34784043
34 33         4.79166526
34 81         1.03013664
34 84        0.945636309
34 78         1.36756087
34 80         1.06091792
34 111        0.755274433
35 55         1.43186781
35 63         1.32456586
35 59         1.56278505
35 56         1.72474639
35 52         1.26967242
35 50         1.47456409
35 62         1.34120534
35 49         1.38921011
35 60         2.39538646
35 54         2.13045104
35 53         1.62365898
35 57         2.92196668
35 51         2.19883024
35 116        0.747046533
35 58         1.46716841
35 64         0.86900961
35 115         0.84172509
35 66        0.775844543
35 106        0.930333816
35 107         2.39093747
35 105         1.07896079
35 36         3.81844993
35 38         5.39935776
35 61         4.54355332
35 40         5.99285957
35 39         5.45831692
35 92         3.66159465
35 44         1.04416424
35 91         1.64751763
35 90         2.36190613
35 69         1.84179057
35 72         1.33717466
35 47         1.09332687
35 42         0.92629495
35 68         1.63805119
35 73         2.06439301
35 108         3.38680356
35 71         1.04024102
35 70         1.48092547
35 109         2.95815951
35 46         0.84411364
35 96        0.806366822
35 99        0.946586489
35 75        0.800066929
35 97        0.968143184
35 100         1.04378099
35 41        0.848006776
35 113         0.75722972
35 93         3.22001417
35 37         6.09302189
35 86        0.797004821
35 34         1.55071596
35 87         1.03642278
35 85        0.843346735
35 30          1.4124302
35 101         1.10781871
35 102        0.898626438
35 67         1.25133723
35 32         1.01990125
35 31        0.943637892
35 33          1.1900057
35 78        0.731711983
36 55         1.79516448
36 63          1.2929315
36 59         1.73351189
36 56         2.22587426
36 52         1.87413672
36 50         2.28617825
36 62         1.16765057
36 49         2.18295926
36 60         3.38414749
36 54         3.83029301
36 53          2.8247046
36 57         2.51136343
36 51         5.14926669
36 58         1.19776268
36 64        0.791645039
36 66        0.928817076
36 106         1.14362892
36 107         2.91325149
36 105          1.3095132
36 38         4.26570635
36 61         8.22672972
36 40         3.06930259
36 39         2.58331472
36 35         3.81844993
36 92         1.87145673
36 65        0.738353167
36 44        0.852233877
36 91         1.18967742
36 90         1.47266773
36 69         1.37847717
36 72         1.09225773
36 47        0.927621285
36 42        0.811675573
36 68         1.32645578
36 73         1.64403661
36 108         2.64810797
36 71        0.943399148
36 70           1.302468
36 109         2.95794349
36 99        0.774170975
36 97        0.779503365
36 100        0.838144933
36 93         1.91864006
36 37         2.40736086
36 34         1.10414013
