0 339 municipal_humanCapital_bolivia_PCA POLY_ID
1 212         1.10066072
1 202        0.868267923
1 218        0.535484758
1 204        0.673570751
1 206        0.763524946
1 203        0.567286222
1 168        0.554221724
1 194        0.543136207
1 278        0.597788944
1 281        0.867255141
1 277        0.574682956
1 13        0.987277236
1 14        0.658344778
1 10        0.725541145
1 232        0.771831565
1 228        0.760363499
1 227         1.10583535
1 201         1.26902001
1 199         1.71816143
1 208         1.78648716
1 200          2.0782523
1 209         5.95061742
1 210         1.66927676
1 213         3.69598593
1 211          7.5682952
1 279        0.831572335
1 119         1.39000271
1 8         2.54843844
1 6         2.83598623
1 299        0.827521445
1 9         1.87789314
1 20        0.617647442
1 17         6.67419981
1 7         6.21437545
1 120         1.13688991
1 234        0.729030394
1 233        0.570993329
1 214         1.14725306
1 125        0.609467659
1 153         1.24049762
1 147        0.544225294
1 155        0.666672935
1 154        0.910967443
1 127        0.611395244
1 149        0.628129758
1 160        0.547119767
1 215         1.36411035
1 3         8.47924032
1 229         1.43022198
1 18         7.93048641
1 118         2.50668365
1 207         3.68389599
1 2         12.0822943
1 23         1.10673151
1 12         1.27098577
1 5        0.854234094
1 11         1.61135093
2 212        0.879705386
2 202         1.11079877
2 204        0.544511128
2 206        0.650912671
2 168        0.532692401
2 194        0.568123826
2 281        0.731550254
2 4        0.622391584
2 13         1.19516375
2 14        0.835635511
2 10        0.805668164
2 232         1.16658684
2 228         1.29975009
2 227          2.2568456
2 217        0.773515593
2 201         1.88552557
2 199         3.26157111
2 208         4.18301188
2 200         2.42914439
2 209         11.9385412
2 210         1.36165212
2 213         2.73251207
2 211         3.20280929
2 279         0.60024882
2 119        0.881633912
2 8         1.71512765
2 6         2.92238298
2 299        0.545239081
2 9         3.06229836
2 20        0.990990404
2 17         7.31125692
2 7         2.78884333
2 120        0.679826838
2 214        0.783138642
2 153        0.719041275
2 154           0.581472
2 215        0.818761149
2 3         2.64288751
2 229         3.06508076
2 18          26.112849
2 118         1.19196061
2 1         12.0822943
2 207         17.9351517
2 23         0.99453779
2 12         1.69882181
2 5         1.25997947
2 11         1.67552149
3 133        0.557909891
3 132        0.703680778
3 212         1.68304914
3 202        0.736815813
3 134        0.623196033
3 218        0.852625867
3 130        0.588932493
3 204         1.02505968
3 206          1.0665239
3 162        0.599132282
3 124        0.753283465
3 219        0.604421424
3 205        0.677643473
3 203        0.760440887
3 168        0.653957835
3 194        0.576001145
3 283        0.540726409
3 278        0.594968729
3 281        0.691741157
3 13         0.59548125
3 232        0.566315804
3 227        0.634812733
3 201        0.932459192
3 199         1.05057296
3 208         0.96867626
3 200         1.75488467
3 209         2.64332665
3 210         2.32790286
3 213         4.57153381
3 211         20.4507323
3 279        0.851259925
3 298        0.632939169
3 119         1.49758219
3 8         1.74163986
3 6         1.34721147
3 299         1.09501102
3 9        0.893186726
3 17         2.10245704
3 7         3.84463048
3 120          1.8321172
3 234         1.38316168
3 233        0.993606297
3 214          2.3865097
3 156        0.741009272
3 157        0.857301236
3 125          1.1260828
3 158        0.663867146
3 136        0.809134498
3 135        0.721762145
3 137        0.632664801
3 126        0.627605682
3 148        0.760416169
3 153          3.1116761
3 147        0.884817193
3 155         1.28209222
3 154          2.0157482
3 127         1.14217932
3 149         1.13151784
3 160        0.983134186
3 159        0.884516339
3 129        0.904525411
3 128        0.850660115
3 215         3.70871772
3 229        0.721053588
3 18         2.05818943
3 118         5.94461079
3 1         8.47924032
3 207         1.38043623
3 2         2.64288751
3 23        0.777339438
3 12        0.699878863
3 11         0.92334897
4 247        0.849478296
4 13         1.77041362
4 14         3.77287431
4 10         1.37993177
4 15         6.41690673
4 16         2.86023524
4 273         1.21853066
4 27         2.08050264
4 275         1.09335915
4 270         1.26773702
4 274        0.673885307
4 276        0.536129318
4 249        0.619235336
4 28         1.01119821
4 228        0.658307463
4 227        0.972513682
4 217        0.973368768
4 208        0.645720579
4 22         3.29841212
4 6        0.851296372
4 9         1.63671726
4 20         4.58819871
4 17        0.740295523
4 248        0.631435524
4 229         1.85121173
4 18        0.777928284
4 207        0.866133702
4 2        0.622391584
4 19         1.42795903
4 24        0.725383971
4 23        0.653881098
4 12         1.89558292
4 5         5.43290224
4 11        0.956665603
4 21         5.34973081
4 25         2.02737467
5 281         0.86440968
5 277        0.733634049
5 4         5.43290224
5 13         6.62636058
5 14         11.2822489
5 10         3.13804822
5 15         3.38192338
5 16         1.01951947
5 273        0.737015355
5 27         1.69136526
5 275        0.818145575
5 270          1.1896613
5 274        0.790387074
5 28        0.547337082
5 228         0.80042662
5 227         1.40097748
5 217        0.916139011
5 199        0.713615807
5 208         1.00959655
5 209        0.771023623
5 22         1.41418778
5 8         1.00948615
5 6         2.32083587
5 9         7.79894546
5 20         3.77505366
5 17         1.83649788
5 7        0.874879661
5 229          4.6975408
5 18         1.85952216
5 1        0.854234094
5 207         1.84520603
5 2         1.25997947
5 19        0.959045768
5 23         1.34885241
5 12         10.3393301
5 11         2.64450432
5 21         1.49230415
5 25        0.829960582
6 282        0.559454975
6 284        0.564565226
6 283        0.685989125
6 285        0.879523567
6 278        0.984726842
6 281         2.62794354
6 280        0.902369534
6 277         1.47616953
6 4        0.851296372
6 13         5.23110769
6 14         2.05066132
6 10         2.95203836
6 15        0.860678886
6 27        0.730155562
6 270        0.665694295
6 274        0.676099902
6 228        0.583871988
6 227        0.936461405
6 201        0.586464931
6 199        0.808485864
6 208         1.01695753
6 200        0.675361567
6 209         1.32050537
6 210        0.537795613
6 213        0.816936427
6 211         1.10235132
6 279          1.2983496
6 298        0.548609456
6 119         1.82221154
6 8         8.14189962
6 299        0.818283569
6 9         8.53179217
6 20        0.899975483
6 17           20.30527
6 7          5.5346887
6 120        0.861757834
6 153        0.593573741
6 215        0.534904948
6 3         1.34721147
6 229         2.04573742
6 18         6.27708175
6 118         1.21901829
6 1         2.83598623
6 207         2.49831053
6 2         2.92238298
6 23         5.50877864
6 12         7.40217066
6 5         2.32083587
6 11         26.0854533
7 212        0.621877278
7 282        0.608529432
7 284        0.724750676
7 283         0.95105914
7 285        0.942146252
7 278         1.25358439
7 281         2.02924307
7 280        0.773028091
7 277          1.1009086
7 13         1.37524945
7 14        0.795511869
7 10         1.08773609
7 227        0.660450495
7 201        0.607644833
7 199        0.770173312
7 208        0.845851321
7 200        0.837558249
7 209         1.54729119
7 210        0.794726204
7 213         1.27496596
7 211          2.2253252
7 279         2.03786909
7 298        0.891837828
7 119          4.6007606
7 8         15.9905376
7 6          5.5346887
7 299         1.66663454
7 9         1.90420926
7 17         7.45648675
7 120         2.13030956
7 234        0.569619062
7 214         0.75285417
7 125        0.532020572
7 148        0.748965032
7 153         1.30379645
7 147        0.699078508
7 155        0.663017302
7 154        0.826293879
7 127        0.569240357
7 149        0.723368384
7 129        0.544533434
7 215         1.05169162
7 3         3.84463048
7 229           1.010329
7 18         3.71247253
7 118         4.32337087
7 1         6.21437545
7 207         1.65137152
7 2         2.78884333
7 23         2.56312308
7 12         1.59395942
7 5        0.874879661
7 11         3.09939147
8 282        0.857971428
8 284        0.962221531
8 283         1.28061652
8 285         1.49855861
8 278         1.98064955
8 281         4.86337987
8 280         1.24962882
8 277         2.01880758
8 13          2.0081625
8 14         1.03517596
8 10         1.70367124
8 15        0.541243553
8 274        0.593713544
8 227        0.563757046
8 199        0.576354488
8 208        0.654887821
8 200        0.574944752
8 209        0.984954312
8 210        0.533064163
8 213        0.783720659
8 211         1.18245625
8 279         3.31771575
8 298        0.998681537
8 119         6.56253141
8 6         8.14189962
8 299         1.74629366
8 9         2.08446107
8 17         5.34815395
8 7         15.9905376
8 120         1.76727122
8 148        0.694476879
8 153        0.887986476
8 147         0.59677748
8 154        0.588767426
8 149        0.575980578
8 215        0.693306753
8 3         1.74163986
8 229         0.93633196
8 18         2.52548518
8 118         2.38073382
8 1         2.54843844
8 207         1.24995913
8 2         1.71512765
8 23         6.76245164
8 12         2.09638931
8 5         1.00948615
8 11          5.9844222
9 285         0.53970792
9 278        0.566598904
9 281         1.24630798
9 280        0.597832024
9 277        0.897503333
9 4         1.63671726
9 13         7.15031879
9 14         3.66275981
9 10         2.84864998
9 15         1.32902074
9 16        0.550209879
9 27        0.931076518
9 270        0.765124226
9 274        0.643501521
9 232        0.606253233
9 228        0.891919312
9 227         1.67593106
9 217          0.7983056
9 201        0.700273342
9 199         1.04483072
9 208         1.50377422
9 200        0.700511141
9 209         1.39694567
9 213        0.726849272
9 211        0.850820862
9 279        0.679199654
9 22         0.81259118
9 119         0.85287686
9 8         2.08446107
9 6         8.53179217
9 20         1.97269197
9 17         6.89917843
9 7         1.90420926
9 3        0.893186726
9 229         6.55017492
9 18         6.49583678
9 118        0.698397328
9 1         1.87789314
9 207         4.31665597
9 2         3.06229836
9 19        0.684429473
9 23         2.16043775
9 12         22.4236068
9 5         7.79894546
9 11         6.41399876
9 21        0.771136913
10 272        0.615013647
10 282        0.622082795
10 283        0.565871795
10 285        0.944955776
10 278        0.844749783
10 281         2.66120539
10 280         1.38862943
10 277         2.51331733
10 4         1.37993177
10 13          20.544214
10 14         8.82741667
10 15         2.39878593
10 16        0.661930361
10 273        0.769688546
10 27         2.51800494
10 275         1.12533311
10 270         2.36028453
10 274         2.29926466
10 227        0.559334223
10 279        0.873563373
10 22        0.534941987
10 119        0.863009802
10 8         1.70367124
10 6         2.95203836
10 9         2.84864998
10 20        0.859817385
10 17         1.59981861
10 7         1.08773609
10 229         1.14047548
10 18         1.18509646
10 1        0.725541145
10 207        0.873370235
10 2        0.805668164
10 23         5.04581777
10 12         6.76513704
10 5         3.13804822
10 11         6.35425333
10 21        0.606908947
11 282        0.655163707
11 284        0.616578635
11 283        0.734809326
11 285         1.06908739
11 278         1.11762688
11 281         3.98306129
11 280         1.21568172
11 277         2.22324866
11 4        0.956665603
11 13         11.3311738
11 14         3.03377835
11 10         6.35425333
11 15         1.10459022
11 27        0.984493052
11 275        0.562408617
11 270        0.912770508
11 274        0.959831707
11 227        0.750826928
11 199        0.606989952
11 208        0.757442476
11 209        0.889413874
11 213        0.589913384
11 211         0.76447543
11 279         1.37206553
11 298        0.540699589
11 119         1.66153572
11 8          5.9844222
11 6         26.0854533
11 299        0.760769248
11 9         6.41399876
11 20        0.859725851
11 17         5.75894067
11 7         3.09939147
11 120        0.742096184
11 3         0.92334897
11 229         1.62392583
11 18         2.96268952
11 118        0.932764932
11 1         1.61135093
11 207         1.59943702
11 2         1.67552149
11 23          12.243149
11 12         10.8128243
11 5         2.64450432
12 285        0.645502147
12 278         0.64801442
12 281         1.64424427
12 280        0.771019035
12 277         1.22809041
12 4         1.89558292
12 13         37.1198958
12 14         8.33181164
12 10         6.76513704
12 15         1.93474284
12 16        0.641874391
12 273        0.573033978
12 27         1.38394632
12 275        0.701874918
12 270          1.1257677
12 274        0.932368835
12 228        0.644236046
12 227         1.08712147
12 217        0.628003235
12 199        0.707136083
12 208        0.953948068
12 209        0.909099892
12 213        0.540971852
12 211        0.640767609
12 279        0.746251764
12 22        0.761397109
12 119        0.870222358
12 8         2.09638931
12 6         7.40217066
12 9         22.4236068
12 20         1.61206541
12 17         3.89907961
12 7         1.59395942
12 3        0.699878863
12 229         3.17041974
12 18         2.99512755
12 118        0.617111802
12 1         1.27098577
12 207         2.08570442
12 2         1.69882181
12 19        0.593268438
12 23         3.16608239
12 5         10.3393301
12 11         10.8128243
12 21        0.784537717
13 285        0.759079711
13 278        0.730283145
13 281         2.07529302
13 280        0.976272969
13 277         1.64382015
13 4         1.77041362
13 14         13.0065376
13 10          20.544214
13 15         2.33295808
13 16        0.674002293
13 273        0.665323236
13 27          1.8551802
13 275        0.870879826
13 270         1.54654191
13 274         1.31235713
13 227        0.799434332
13 199        0.546871841
13 208        0.708614334
13 209        0.694131293
13 211        0.532899188
13 279        0.808799832
13 22        0.666931039
13 119        0.882832339
13 8          2.0081625
13 6         5.23110769
13 9         7.15031879
13 20         1.23936079
13 17         2.60603841
13 7         1.37524945
13 3         0.59548125
13 229         1.93663106
13 18         1.92237032
13 118         0.56748488
13 1        0.987277236
13 207         1.37066214
13 2         1.19516375
13 23         4.23534274
13 12         37.1198958
13 5         6.62636058
13 11         11.3311738
13 21        0.723824766
14 285        0.538108296
14 281         1.14975537
14 280        0.714799716
14 277         1.06866073
14 4         3.77287431
14 13         13.0065376
14 10         8.82741667
14 15         6.91299926
14 16         1.12829073
14 273         1.05283342
14 27         3.78374948
14 275         1.35501394
14 270         2.47683244
14 274         1.45870219
14 276        0.538545176
14 28        0.660371204
14 227        0.769373285
14 217        0.564172478
14 208        0.617523875
14 209        0.536536303
14 22        0.931453371
14 119        0.557632052
14 8         1.03517596
14 6         2.05066132
14 9         3.66275981
14 20         1.63987802
14 17         1.37486584
14 7        0.795511869
14 229         1.78417322
14 18         1.20169439
14 1        0.658344778
14 207         1.04018243
14 2        0.835635511
14 19        0.622588631
14 23         1.82702945
14 12         8.33181164
14 5         11.2822489
14 11         3.03377835
14 21         1.11472085
14 25        0.677081685
15 247        0.534248252
15 281        0.632335459
15 277        0.652180869
15 4         6.41690673
15 13         2.33295808
15 14         6.91299926
15 10         2.39878593
15 16         2.93680975
15 273         2.58671504
15 27         11.2192481
15 275         2.89663707
15 270         4.09677925
15 274          1.4055008
15 276        0.906900624
15 28          1.3824255
15 227        0.563453114
15 22         1.15352699
15 8        0.541243553
15 6        0.860678886
15 9         1.32902074
15 20         1.42717549
15 17        0.669079747
15 229         1.02954904
15 18        0.631071992
15 207        0.610476554
15 19        0.660464588
15 23        0.847347407
15 12         1.93474284
15 5         3.38192338
15 11         1.10459022
15 21         1.72748448
15 25         1.02233256
16 247         1.13797314
16 239         0.78600636
16 245        0.553441287
16 4         2.86023524
16 13        0.674002293
16 14         1.12829073
16 10        0.661930361
16 15         2.93680975
16 273         3.43203119
16 27         1.86857169
16 275          1.7067883
16 270         1.23384682
16 274        0.590030701
16 276          1.0671289
16 249         1.54164013
16 244        0.538722497
16 28          5.3402628
16 243        0.664847722
16 29        0.771508717
16 22          1.5198045
16 9        0.550209879
16 20          1.0212469
16 248        0.645890528
16 229        0.571010387
16 19        0.761265768
16 24        0.559873622
16 12        0.641874391
16 5         1.01951947
16 21         3.16369873
16 25         2.55315712
17 212        0.560274378
17 202        0.575142904
17 283        0.578017009
17 285        0.662543273
17 278        0.769127002
17 281         1.54925722
17 280        0.640540214
17 277        0.948882645
17 4        0.740295523
17 13         2.60603841
17 14         1.37486584
17 10         1.59981861
17 15        0.669079747
17 27        0.548947487
17 232        0.615207484
17 228         0.74346261
17 227         1.23317624
17 217        0.561327794
17 201        0.831065894
17 199         1.20089955
17 208         1.51892059
17 200         1.00912345
17 209         2.36167399
17 210        0.759621601
17 213         1.26439126
17 211         1.77573094
17 279         1.03998286
17 119         1.59464696
17 8         5.34815395
17 6           20.30527
17 299        0.782316886
17 9         6.89917843
17 20        0.925848467
17 7         7.45648675
17 120        0.905139142
17 214        0.578048555
17 153        0.716660595
17 215        0.686146437
17 3         2.10245704
17 229         2.51378345
17 18         24.6493519
17 118         1.48230391
17 1         6.67419981
17 207         4.66408448
17 2         7.31125692
17 23         2.49626058
17 12         3.89907961
17 5         1.83649788
17 11         5.75894067
18 212         0.64773552
18 202        0.777459278
18 278        0.557579899
18 281        0.996023128
18 277        0.672253039
18 4        0.777928284
18 13         1.92237032
18 14         1.20169439
18 10         1.18509646
18 15        0.631071992
18 232        0.866408063
18 228         1.07520353
18 227         1.96085533
18 217        0.738128005
18 201         1.21641454
18 199          1.9551492
18 208         2.68724347
18 200         1.42639062
18 209         4.25230505
18 210         0.92606377
18 213          1.6316564
18 211         2.06477817
18 279        0.725193548
18 22        0.547227398
18 119         1.05858247
18 8         2.52548518
18 6         6.27708175
18 299        0.597613528
18 9         6.49583678
18 20         1.14897914
18 17         24.6493519
18 7         3.71247253
18 120        0.710623449
18 214        0.616527793
18 153        0.652468879
18 215        0.681610155
18 3         2.05818943
18 229          3.9862074
18 118         1.17943462
18 1         7.93048641
18 207         14.0992457
18 2          26.112849
18 19        0.539287198
18 23         1.47498686
18 12         2.99512755
18 5         1.85952216
18 11         2.96268952
19 247         1.63595941
19 239        0.811910003
19 245        0.666253588
19 4         1.42795903
19 14        0.622588631
19 15        0.660464588
19 16        0.761265768
19 249        0.549093938
19 220        0.833147205
19 221        0.802105841
19 232        0.759223921
19 231        0.560471868
19 228         1.67466262
19 227          1.7056685
19 216         2.62358643
19 217         7.12453733
19 201        0.543017038
19 199        0.687361752
19 208        0.902775282
19 22         8.82513986
19 9        0.684429473
19 20         3.82937148
19 248         2.13569374
19 246        0.708831276
19 229         1.31879365
19 18        0.539287198
19 207        0.760675963
19 24         6.07490786
19 26         1.97093691
19 12        0.593268438
19 5        0.959045768
19 21         2.93191494
19 25         2.42425828
20 247        0.837549743
20 4         4.58819871
20 13         1.23936079
20 14         1.63987802
20 10        0.859817385
20 15         1.42717549
20 16          1.0212469
20 273        0.532396863
20 27        0.784435172
20 270        0.579769319
20 232        0.768448902
20 228         1.69117382
20 227         3.01734195
20 216        0.980928306
20 217         3.12574844
20 201        0.654653365
20 199        0.938649635
20 208         1.41790512
20 209        0.753938931
20 22         5.69887422
20 6        0.899975483
20 9         1.97269197
20 17        0.925848467
20 248        0.786207495
20 229         5.25442349
20 18         1.14897914
20 1        0.617647442
20 207         1.66308538
20 2        0.990990404
20 19         3.82937148
20 24         1.20122481
20 26        0.682446962
20 23        0.549332346
20 12         1.61206541
20 5         3.77505366
20 11        0.859725851
20 21         3.42554545
20 25         1.63959235
21 247         2.32982726
21 239         1.06486626
21 245        0.742722601
21 4         5.34973081
21 13        0.723824766
21 14         1.11472085
21 10        0.606908947
21 15         1.72748448
21 16         3.16369873
21 273        0.881377306
21 27        0.926633186
21 275        0.673541298
21 270         0.65333641
21 249          1.1012593
21 28         1.02975598
21 228        0.664337597
21 227        0.836691075
21 216        0.694363102
21 217         1.25280388
21 22         16.0851774
21 9        0.771136913
21 20         3.42554545
21 248          1.4268834
21 246        0.559296444
21 229         1.08387387
21 207         0.58405194
21 19         2.93191494
21 24         1.49582531
21 26         0.94643292
21 12        0.784537717
21 5         1.49230415
21 25         12.8386548
22 247         2.20268275
22 239        0.974407962
22 245        0.722836562
22 4         3.29841212
22 13        0.666931039
22 14        0.931453371
22 10        0.534941987
22 15         1.15352699
22 16          1.5198045
22 273        0.587981926
22 27        0.667425876
22 249        0.798800179
22 28        0.656176885
22 220        0.556407699
22 228        0.991908998
22 227          1.2207572
22 216         1.09890667
22 217          2.3605459
22 208        0.702672332
22 9         0.81259118
22 20         5.69887422
22 248         1.81449226
22 246        0.624687587
22 229         1.37068979
22 18        0.547227398
22 207        0.711020789
22 19         8.82513986
22 24         2.56734013
22 26          1.2938871
22 12        0.761397109
22 5         1.41418778
22 21         16.0851774
22 25         6.64633561
23 254        0.663844466
23 272        0.767911627
23 282         1.10421885
23 284        0.978875913
23 283         1.18598917
23 285         2.13052571
23 278         2.12786652
23 281         20.9461445
23 280         2.53161712
23 277         6.34443481
23 4        0.653881098
23 13         4.23534274
23 14         1.82702945
23 10         5.04581777
23 15        0.847347407
23 27        0.882258459
23 275        0.545739204
23 270        0.908175236
23 274         1.19823894
23 260         0.53509859
23 209        0.609455977
23 211        0.611355134
23 279          2.4972962
23 298        0.746955238
23 119         2.47774572
23 8         6.76245164
23 6         5.50877864
23 299         1.02323847
23 9         2.16043775
23 20        0.549332346
23 17         2.49626058
23 7         2.56312308
23 120        0.885914647
23 3        0.777339438
23 229        0.872626651
23 18         1.47498686
23 118        0.960545298
23 1         1.10673151
23 207        0.895384346
23 2         0.99453779
23 12         3.16608239
23 5         1.34885241
23 11          12.243149
24 247         2.42478983
24 239         1.23493967
24 245         1.10126888
24 4        0.725383971
24 16        0.559873622
24 249        0.601580515
24 237         1.01563247
24 220         1.94507632
24 221         1.27335243
24 225        0.550622107
24 232        0.533739608
24 228         0.92206475
24 227        0.804077826
24 216         3.02810114
24 217         2.34567486
24 22         2.56734013
24 20         1.20122481
24 248         7.03620665
24 246         1.51067852
24 229        0.617838689
24 19         6.07490786
24 26         10.3351204
24 21         1.49582531
24 25         1.90195795
25 247         6.75827431
25 239         2.09990938
25 245         1.28018881
25 240        0.625071323
25 4         2.02737467
25 14        0.677081685
25 15         1.02233256
25 16         2.55315712
25 273        0.736589273
25 27        0.646718911
25 275        0.534022689
25 249         1.86850476
25 28         1.02200478
25 243        0.741691057
25 227        0.598171127
25 216        0.679136486
25 217        0.989242683
25 22         6.64633561
25 20         1.63959235
25 248          2.5320077
25 246        0.835827521
25 229        0.678297824
25 19         2.42425828
25 24         1.90195795
25 26         1.34919925
25 5        0.829960582
25 21         12.8386548
26 247           2.535828
26 239         1.67506742
26 245         1.74123012
26 240        0.753138796
26 249        0.631395821
26 237         2.06246576
26 220         3.76751188
26 221          1.2941244
26 225        0.750950877
26 228        0.567949508
26 216         1.69619019
26 217         1.10182939
26 22          1.2938871
26 20        0.682446962
26 248         13.5830081
26 246         3.71184092
26 19         1.97093691
26 24         10.3351204
26 21         0.94643292
26 25         1.34919925
27 281        0.699664758
27 280        0.621387085
27 277        0.800256705
27 4         2.08050264
27 13          1.8551802
27 14         3.78374948
27 10         2.51800494
27 15         11.2192481
27 16         1.86857169
27 273         3.84151112
27 275         8.40057565
27 270         25.2855302
27 274         2.96310662
27 276         1.37743262
27 28         1.38636247
27 29        0.647034538
27 22        0.667425876
27 6        0.730155562
27 9        0.931076518
27 20        0.784435172
27 17        0.548947487
27 229        0.661985841
27 23        0.882258459
27 12         1.38394632
27 5         1.69136526
27 11        0.984493052
27 21        0.926633186
27 25        0.646718911
28 247        0.676153623
28 239        0.585146977
28 4         1.01119821
28 14        0.660371204
28 15          1.3824255
28 16          5.3402628
28 273         6.56304194
28 27         1.38636247
28 275         2.09971583
28 270          1.1166912
28 274        0.570580108
28 276          2.4300802
28 249         1.45712478
28 244         1.06969844
28 243        0.768585101
28 29         1.95154774
28 242        0.792688456
28 22        0.656176885
28 5        0.547337082
28 21         1.02975598
28 25         1.02200478
29 16        0.771508717
29 273         1.68857879
29 27        0.647034538
29 275         1.17973779
29 270        0.668263242
29 276         5.30915433
29 249        0.537318094
29 244         2.18612551
29 28         1.95154774
29 242        0.762956397
30 55         0.79048001
30 63          1.4242957
30 59         1.10517761
30 56        0.941691815
30 50         0.60704585
30 62         2.88004523
30 60         1.14834189
30 54        0.885603752
30 53        0.599916053
30 57         2.11004471
30 51        0.789262416
30 116         1.52718251
30 58         5.23176206
30 64         1.51805137
30 88        0.900857597
30 115         2.95664849
30 107        0.837157915
30 105        0.558500141
30 36         1.10743609
30 38         1.32956436
30 61         1.36088846
30 40         1.64300048
30 39         1.93099415
30 35         1.99495907
30 92         4.68560302
30 44         1.18794466
30 91          2.4083462
30 90         4.25849232
30 69         1.47643996
30 72         1.06149258
30 47        0.837659862
30 42        0.641760231
30 68         1.09436848
30 73         1.15675389
30 108         1.24471345
30 71         0.59350425
30 70        0.824796059
30 109         1.02466624
30 74         1.02941549
30 46         1.04264588
30 96         1.20653005
30 77        0.991178308
30 99         1.31431782
30 75         1.57192679
30 97         1.84389864
30 100         1.53741611
30 83        0.609585281
30 76        0.676347182
30 94        0.632565971
30 95         0.65391367
30 48        0.601716006
30 98        0.906101543
30 41        0.817522033
30 93         2.06337849
30 37         2.58779562
30 86         3.02162357
30 34          6.9265657
30 87         10.0203427
30 85         4.21140347
30 101         25.2105227
30 102         6.05335391
30 89           1.494823
30 67         2.29589093
30 32         3.29414189
30 79         0.79791679
30 31         3.70425008
30 33         3.72708913
30 81         1.34176368
30 84        0.994326548
30 78         1.62403425
30 80         1.16005122
31 63        0.543191913
31 62        0.817340067
31 57        0.744529185
31 116        0.759853628
31 58         1.09642426
31 64        0.623356003
31 115         1.26687206
31 107        0.551417541
31 36        0.572527725
31 38        0.738253947
31 61        0.631660486
31 40        0.896932843
31 39         1.03430689
31 35        0.890452471
31 92         1.61014725
31 44         2.12719921
31 91         2.45503449
31 90         2.26372407
31 69         1.30239605
31 72         1.18480634
31 47         1.06900358
31 42        0.862733253
31 68         1.00711427
31 73        0.911483306
31 108        0.787737538
31 71        0.650837828
31 70        0.751985009
31 109        0.657418899
31 74         4.55905951
31 46         2.80909166
31 96         4.85808057
31 77         3.59053444
31 99          3.4295934
31 75         12.1100166
31 97         7.56571749
31 100         3.54611853
31 83          1.4945311
31 110         1.04710674
31 76         1.95374261
31 94         1.83732233
31 112          1.1154578
31 95         1.74429528
31 43        0.588924251
31 48         1.23323157
31 98         3.22324899
31 41         1.60217404
31 193        0.650316966
31 93         1.26131459
31 37         1.19082483
31 198         0.62877212
31 123        0.604484439
31 86         8.06956751
31 34         5.51235466
31 87          16.870707
31 85         6.24624757
31 30         3.70425008
31 101         3.89372191
31 102         3.62132458
31 89         1.31415499
31 67          4.1784666
31 32         38.4890771
31 79         1.38955456
31 33         11.1670252
31 81         2.97877584
31 84         2.44332464
31 78         10.6044011
31 80         3.72080519
31 121        0.787316416
31 122        0.536453984
31 190        0.920955457
31 111        0.929235252
31 165        0.748650575
31 82        0.792369627
32 63        0.534918208
32 62         0.77387648
32 60        0.559667871
32 57        0.791065635
32 116        0.630579731
32 58          1.0318605
32 64        0.554364016
32 115        0.995828433
32 107        0.659148167
32 36        0.649655372
32 38        0.882408276
32 61        0.706738197
32 40         1.09706072
32 39         1.28541953
32 35         1.04019856
32 92         1.94518105
32 44         3.62181734
32 91         4.02895467
32 90         3.12852718
32 69          1.8526918
32 72         1.71996925
32 47         1.53812223
32 42         1.19208422
32 68         1.38554275
32 73         1.20338149
32 108         0.97689164
32 71        0.857063023
32 70         0.99026076
32 109        0.798656774
32 74          3.8594296
32 46         4.64655486
32 96         7.69276982
32 77         2.56205774
32 99         6.57076496
32 75         13.2271926
32 97         21.0725959
32 100         7.22965354
32 83         1.19905432
32 110         1.19435296
32 76         1.64377964
32 94         1.78715582
32 112         1.37823255
32 95         2.12688414
32 43        0.745193335
32 48         1.66293955
32 98         3.96410832
32 41         2.42484129
32 193        0.750855696
32 93         1.65811832
32 37         1.46199535
32 198        0.672638999
32 86         3.80997106
32 34         8.85545123
32 87         8.22804343
32 85         3.30039044
32 30         3.29414189
32 101         2.84331004
32 102         2.33227859
32 89          0.9527447
32 67         9.05251904
32 79         0.99740437
32 31         38.4890771
32 33         40.5065896
32 81         1.84766877
32 84         1.63902375
32 78         5.63056744
32 80         2.36007251
32 121        0.641966393
32 190        0.886237092
32 111        0.970703214
32 165        0.705381332
32 82        0.683498183
33 63        0.601826971
33 59        0.564812394
33 56        0.546984077
33 62        0.857217961
33 60        0.680253619
33 54        0.591383952
33 57        0.975503073
33 51        0.598908163
33 116        0.603094167
33 58         1.15662303
33 64        0.566088807
33 115        0.930627013
33 107        0.863704034
33 36        0.829504916
33 38         1.19686927
33 61        0.900298205
33 40         1.54717975
33 39         1.86861814
33 35         1.41611356
33 92         2.91609897
33 44         5.30368861
33 91         8.53597306
33 90         5.69296452
33 69         2.97561546
33 72         2.58090038
33 47         2.12913207
33 42         1.51842968
33 68         2.05446669
33 73         1.75387566
33 108         1.36366314
33 71          1.1118212
33 70         1.37073747
33 109         1.07712046
33 74         2.34236473
33 46         4.67513858
33 96         5.46571627
33 77          1.6396932
33 99         7.93776159
33 75         5.93114201
33 97         19.1426549
33 100         11.2087297
33 83        0.876015613
33 110          1.0325724
33 76         1.16024337
33 94         1.30967992
33 112         1.26981779
33 95         1.76504896
33 43         0.81384433
33 48         1.68144994
33 98         2.83953716
33 41         2.81560079
33 113        0.629110929
33 193        0.701593375
33 93          2.5843662
33 37         2.14559038
33 198        0.590343989
33 86         2.49216012
33 34         22.9600559
33 87         5.92532325
33 85          2.3809262
33 30         3.72708913
33 101         2.67183985
33 102         1.93500318
33 89        0.801945121
33 67         25.3383914
33 32         40.5065896
33 79        0.759350932
33 31         11.1670252
33 81         1.29646828
33 84         1.14567805
33 78         2.98966239
33 80         1.53801028
33 190        0.707243228
33 111         0.80388878
33 165        0.570371174
33 82        0.538885281
34 55        0.634043858
34 63        0.841646565
34 59         0.79337365
34 56         0.76437352
34 50        0.577818608
34 62         1.24421813
34 49        0.537808301
34 60        0.988728672
34 54        0.829806107
34 53        0.631194934
34 57         1.54777278
34 51        0.827326026
34 116        0.710492449
34 58         1.77742219
34 64         0.71802033
34 115         1.10963989
34 107         1.17471386
34 36         1.21912543
34 38         1.83386055
34 61          1.3724283
34 40         2.51869697
34 39         3.21830008
34 35         2.40471997
34 92         6.86710492
34 44          3.4135851
34 91         12.5037379
34 90          17.546211
34 69         3.99187419
34 72         2.67977124
34 47         1.93490906
34 42         1.31971625
34 68         2.49879971
34 73         2.36600239
34 108          2.0214384
34 71         1.12160955
34 70         1.60937943
34 109         1.52664373
34 74         1.40031625
34 46         2.39199527
34 96          2.4785992
34 77         1.11403709
34 99         3.61552349
34 75         2.70199136
34 97         5.37219519
34 100         5.03050498
34 83        0.652368934
34 110        0.707842712
34 76        0.804788669
34 94        0.860710512
34 112        0.856768248
34 95         1.09023781
34 43        0.658010444
34 48         1.12412347
34 98          1.5542899
34 41         1.82293389
34 113        0.602983787
34 93         4.56780075
34 37         4.09583249
34 86         2.07324393
34 87         5.77440327
34 85         2.22430107
34 30          6.9265657
34 101          3.5787936
34 102         2.11855626
34 89        0.814786903
34 67         12.2243019
34 32         8.85545123
34 79        0.646122143
34 31         5.51235466
34 33         22.9600559
34 81          1.0611815
34 84        0.894228028
34 78         1.87022273
34 80         1.12554683
34 111        0.570439469
35 55         2.05024543
35 63          1.7544747
35 59         2.44229712
35 56          2.9747501
35 52         1.61206807
35 50         2.17433926
35 62         1.79883177
35 49         1.92990473
35 60         5.73787628
35 54         4.53882164
35 53          2.6362685
35 57         8.53788931
35 51         4.83485442
35 116        0.558078522
35 58         2.15258313
35 64        0.755177703
35 115        0.708501126
35 66        0.601934755
35 106         0.86552101
35 107           5.716582
35 105         1.16415639
35 36         14.5805599
35 38         29.1530642
35 61         20.6438768
35 40         35.9143658
35 39         29.7932236
35 92         13.4072753
35 44         1.09027897
35 91         2.71431433
35 90         5.57860055
35 69          3.3921925
35 72         1.78803608
35 47         1.19536365
35 42        0.858022334
35 68         2.68321169
35 73          4.2617185
35 108         11.4704383
35 71         1.08210138
35 70         2.19314024
35 109          8.7507077
35 46        0.712527837
35 96        0.650227452
35 99        0.896025981
35 75        0.640107092
35 97        0.937301224
35 100         1.08947875
35 41        0.719115493
35 113        0.573396849
35 93         10.3684913
35 37         37.1249158
35 86        0.635216685
35 34         2.40471997
35 87         1.07417217
35 85        0.711233715
35 30         1.99495907
35 101          1.2272623
35 102        0.807529475
35 67         1.56584486
35 32         1.04019856
35 31        0.890452471
35 33         1.41611356
35 78        0.535402426
36 55         3.22261552
36 63         1.67167187
36 59         3.00506349
36 56         4.95451621
36 52         3.51238844
36 50         5.22661101
36 62         1.36340785
36 49         4.76531111
36 60         11.4524542
36 54         14.6711446
36 53         7.97895607
36 57         6.30694629
36 51         26.5149474
36 58         1.43463544
36 64        0.626701867
36 66        0.862701161
36 106         1.30788711
36 107         8.48703425
36 105         1.71482483
36 38         18.1962507
36 61         67.6790819
36 40         9.42061837
36 39         6.67351494
36 35         14.5805599
36 92         3.50235028
36 65        0.545165399
36 44         0.72630258
36 91         1.41533237
36 90         2.16875024
36 69         1.90019931
36 72         1.19302695
36 47        0.860481248
36 42        0.658817236
36 68         1.75948495
36 73         2.70285639
36 108         7.01247582
36 71        0.890001952
36 70          1.6964229
36 109         8.74942972
36 99        0.599340698
36 97        0.607625496
36 100        0.702486928
36 93         3.68117969
36 37         5.79538629
36 34         1.21912543
