0 339 municipal_humanCapital_bolivia_PCA POLY_ID
1 7        0.401144882
1 211        0.363497115
1 17        0.387079702
1 2        0.287690351
1 18        0.355099522
1 3        0.343416793
2 208        0.488939868
2 1        0.287690351
2 17        0.369831567
2 207        0.236127991
2 18         0.19569191
2 209        0.289417221
3 215        0.519263876
3 118        0.410145818
3 7        0.510002961
3 1        0.343416793
3 211        0.221128932
3 213         0.46770179
4 22        0.550614369
4 20        0.466851642
4 14        0.514829983
4 5        0.429026437
4 21        0.432348578
4 15        0.394763633
5 229        0.461386327
5 9        0.358081644
5 4        0.429026437
5 12        0.310995281
5 14        0.297715991
5 13        0.388474456
6 18         0.39913619
6 9        0.342357516
6 12        0.367553407
6 17        0.221919577
6 11        0.195794643
6 8        0.350458928
7 118        0.480937624
7 6        0.425063095
7 119        0.466213862
7 8        0.250073958
7 17        0.366212256
7 1        0.401144882
8 17        0.432412311
8 119        0.390359095
8 11        0.408779292
8 7        0.250073958
8 6        0.350458928
8 23         0.38454566
9 229        0.390727115
9 17         0.38071616
9 13        0.373970459
9 12        0.211177316
9 6        0.342357516
9 5        0.358081644
10 5        0.564508121
10 11        0.396705058
10 23        0.445178538
10 14        0.336576032
10 13         0.22062526
10 12         0.38446933
11 10        0.396705058
11 12        0.304109809
11 9        0.394853111
11 6        0.195794643
11 23        0.285794214
11 13        0.297072567
12 6        0.367553407
12 5        0.310995281
12 14        0.346441794
12 9        0.211177316
12 11        0.304109809
12 13        0.164133272
13 5        0.388474456
13 9        0.373970459
13 11        0.297072567
13 14        0.277280386
13 12        0.164133272
13 10         0.22062526
14 27        0.514089594
14 5        0.297715991
14 15        0.380335396
14 13        0.277280386
14 10        0.336576032
14 12        0.346441794
15 16        0.583528528
15 270         0.49405889
15 5        0.543773599
15 27        0.298550721
15 14        0.380335396
15 4        0.394763633
16 25         0.62583699
16 15        0.583528528
16 4        0.591288079
16 28        0.432731674
16 273        0.539789444
16 21        0.562215015
17 1        0.387079702
17 9         0.38071616
17 2        0.369831567
17 7        0.366212256
17 6        0.221919577
17 18        0.201417522
18 6         0.39913619
18 1        0.355099522
18 9        0.392357942
18 2         0.19569191
18 207        0.266318945
18 17        0.201417522
19 216        0.617379653
19 20        0.511018062
19 21        0.584015423
19 24         0.40572349
19 217        0.374646489
19 22        0.336619447
20 21        0.540300206
20 19        0.511018062
20 5        0.514681355
20 229        0.436252033
20 22        0.418895277
20 4        0.466851642
21 19        0.584015423
21 20        0.540300206
21 16        0.562215015
21 22        0.249337197
21 25        0.279087406
21 4        0.432348578
22 24        0.624105911
22 20        0.418895277
22 4        0.550614369
22 21        0.249337197
22 19        0.336619447
22 25        0.387890253
23 10        0.445178538
23 277        0.397011905
23 6        0.426061546
23 11        0.285794214
23 281        0.218498244
23 8         0.38454566
24 247        0.642189129
24 19         0.40572349
24 22        0.624105911
24 248        0.376990761
24 26        0.311058612
24 216        0.574665085
25 19        0.642259528
25 16         0.62583699
25 248        0.628445309
25 22        0.387890253
25 21        0.279087406
25 247        0.384664486
26 237        0.696316403
26 246        0.519045371
26 247        0.627971746
26 24        0.311058612
26 248        0.271332627
26 220         0.51519624
27 274        0.580933419
27 273        0.510209984
27 14        0.514089594
27 270         0.19886757
27 15        0.298550721
27 275        0.345020958
28 249        0.828422007
28 29        0.715830848
28 275        0.690112254
28 273        0.390343912
28 276        0.641489714
28 16        0.432731674
29 16         1.13849095
29 28        0.715830848
29 275        0.920676917
29 244        0.676335921
29 276        0.433997597
29 273        0.769554417
30 92        0.461973703
30 102         0.40644517
30 58        0.437195827
30 101        0.199163191
30 87         0.31590661
30 34        0.379962749
31 86        0.352026105
31 33        0.299247997
31 78        0.307083815
31 32         0.16118746
31 87        0.243463218
31 75         0.28736087
32 34        0.336042844
32 97        0.217841682
32 67        0.332364994
32 33        0.157122058
32 31         0.16118746
32 75        0.274957874
33 31        0.299247997
33 34        0.208695714
33 100        0.298690769
33 32        0.157122058
33 67        0.198660022
33 97        0.228559309
34 30        0.379962749
34 90         0.23873073
34 32        0.336042844
34 33        0.208695714
34 67        0.286014444
34 91        0.282800433
35 36        0.261886372
35 39        0.183206658
35 61        0.220092058
35 40        0.166865248
35 37        0.164122174
35 38        0.185207213
36 60        0.295495395
36 38        0.234427764
36 35        0.261886372
36 51         0.19420241
36 61        0.121554984
36 54        0.261076632
37 38        0.254349255
37 35        0.164122174
37 93        0.171274223
37 39        0.102731015
37 92        0.159669131
37 40         0.15861811
38 36        0.234427764
38 108        0.148797685
38 35        0.185207213
38 40        0.110174603
38 109        0.155717184
38 39         0.18258444
39 35        0.183206658
39 108        0.178285092
39 38         0.18258444
39 93        0.135522773
39 40       0.0728269411
39 37        0.102731015
40 93        0.197349989
40 37         0.15861811
40 35        0.166865248
40 39       0.0728269411
40 108        0.135594233
40 38        0.110174603
41 42        0.395591203
41 48        0.243148409
41 100        0.299598498
41 44        0.223413989
41 99        0.252118704
41 46        0.220619601
42 113        0.464499509
42 72        0.333768998
42 41        0.395591203
42 47        0.169742114
42 71        0.292039468
42 44        0.391695662
43 112        0.602409865
43 41        0.516864726
43 42        0.479333754
43 45        0.396711962
43 48         0.45483436
43 172        0.439043932
44 47        0.308434869
44 41        0.223413989
44 46        0.283495267
44 99        0.197587134
44 100        0.156136254
44 67        0.257620415
45 71        0.767850974
45 114        0.519476166
45 42        0.666615089
45 113        0.483181317
45 43        0.396711962
45 172        0.590342461
46 44        0.283495267
46 100        0.226650613
46 97        0.248798498
46 99        0.128806952
46 96        0.203372318
46 41        0.220619601
47 69        0.372959871
47 71        0.287095394
47 68        0.326093971
47 42        0.169742114
47 72        0.166795013
47 44        0.308434869
48 110         0.44592119
48 95         0.34990136
48 99        0.418799513
48 41        0.243148409
48 112        0.230556996
48 46        0.313022053
49 36        0.458093754
49 51        0.265953301
49 54        0.352147728
49 53        0.106404535
49 52        0.147737994
49 50        0.208451219
50 56        0.336489213
50 53        0.219763439
50 51        0.264286902
50 52        0.139667497
50 49        0.208451219
50 54        0.222375378
51 61        0.268464844
51 36         0.19420241
51 49        0.265953301
51 53        0.165616255
51 54        0.180011008
51 50        0.264286902
52 55        0.469421099
52 51        0.342640998
52 54        0.353692929
52 53        0.224830806
52 50        0.139667497
52 49        0.147737994
53 36         0.35401932
53 50        0.219763439
53 54        0.287107974
53 51        0.165616255
53 49        0.106404535
53 52        0.224830806
54 36        0.261076632
54 61        0.249413161
54 56        0.227297023
54 51        0.180011008
54 60        0.151732172
54 50        0.222375378
55 50        0.349809562
55 54        0.313923616
55 105        0.232102218
55 56        0.118653067
55 60        0.282415289
55 59        0.201462495
56 57         0.34823169
56 54        0.227297023
56 50        0.336489213
56 60         0.16496099
56 59        0.182267433
56 55        0.118653067
57 54        0.392353393
57 35         0.34223525
57 56         0.34823169
57 61        0.276689262
57 60         0.24920655
57 59        0.328130555
58 101         0.50445225
58 64        0.483835996
58 57        0.452171806
58 30        0.437195827
58 62        0.152349715
58 63        0.416225861
59 105        0.387858257
59 60        0.283931622
59 57        0.328130555
59 63        0.265562568
59 56        0.182267433
59 55        0.201462495
60 59        0.283931622
60 57         0.24920655
60 55        0.282415289
60 54        0.151732172
60 61        0.217090196
60 56         0.16496099
61 57        0.276689262
61 51        0.268464844
61 54        0.249413161
61 35        0.220092058
61 36        0.121554984
61 60        0.217090196
62 30        0.589251024
62 57        0.458465702
62 59        0.504964768
62 63        0.287206155
62 64        0.409000751
62 58        0.152349715
63 55        0.457207643
63 56        0.445534923
63 58        0.416225861
63 57        0.413505904
63 59        0.265562568
63 62        0.287206155
64 63        0.571182363
64 115        0.480687833
64 58        0.483835996
64 62        0.409000751
64 116        0.357569021
64 88        0.455765448
65 55        0.816285141
65 63        0.721923219
65 106        0.802325929
65 105        0.696130471
65 104        0.630387557
65 59        0.789268454
66 56        0.747837296
66 50         0.65156462
66 55        0.643268821
66 106        0.222942883
66 105         0.43353134
66 52        0.618893439
67 99        0.263562123
67 91        0.208097532
67 44        0.257620415
67 100        0.170124525
67 33        0.198660022
67 97        0.252624896
68 93        0.327996991
68 70        0.157509159
68 47        0.326093971
68 69        0.133896306
68 73         0.14795147
68 72        0.173979706
69 70        0.287769078
69 93         0.23635119
69 91        0.238030463
69 73        0.184887899
69 68        0.133896306
69 72        0.206717273
70 47        0.382304868
70 71        0.292939563
70 69        0.287769078
70 73        0.196469153
70 68        0.157509159
70 72        0.279588829
71 68        0.368142129
71 70        0.292939563
71 113        0.368137319
71 47        0.287095394
71 42        0.292039468
71 72        0.333869487
72 91        0.329048826
72 70        0.279588829
72 73        0.319227048
72 68        0.173979706
72 47        0.166795013
72 69        0.206717273
73 109        0.301622757
73 108        0.230773601
73 93        0.244935032
73 70        0.196469153
73 68         0.14795147
73 69        0.184887899
74 98        0.304311326
74 76        0.277699416
74 94        0.281068911
74 75        0.245259804
74 77        0.223719981
74 78        0.254761352
75 97        0.283568098
75 98        0.274074601
75 78        0.280624311
75 74        0.245259804
75 96        0.221153002
75 32        0.274957874
76 190         0.39668444
76 94        0.258112736
76 80        0.395458395
76 77         0.23040496
76 83        0.212549619
76 74        0.277699416
77 84         0.29974744
77 74        0.223719981
77 83        0.290752437
77 80        0.183829058
77 78        0.223531184
77 76         0.23040496
78 86        0.341232465
78 74        0.254761352
78 31        0.307083815
78 77        0.223531184
78 80        0.236001974
78 75        0.280624311
79 83          0.5460252
79 80        0.398971753
79 121        0.491985971
79 81        0.273323749
79 84        0.259345011
79 123        0.467934862
80 86        0.377844153
80 77        0.183829058
80 83        0.366912222
80 84        0.142650107
80 81        0.231147123
80 78        0.236001974
81 78        0.389750223
81 85        0.381965098
81 79        0.273323749
81 86        0.291566383
81 80        0.231147123
81 84         0.17991876
82 76        0.443272829
82 167        0.439742209
82 121        0.335613048
82 146        0.373867901
82 165         0.40223894
82 83        0.309198889
83 121        0.390357231
83 82        0.309198889
83 84        0.373148855
83 76        0.212549619
83 77        0.290752437
83 80        0.366912222
84 78        0.375273819
84 79        0.259345011
84 83        0.373148855
84 80        0.142650107
84 81         0.17991876
84 77         0.29974744
85 31        0.400120132
85 101        0.326462344
85 81        0.381965098
85 102         0.18252704
85 86        0.125030329
85 87        0.254490333
86 31        0.352026105
86 102         0.30743317
86 78        0.341232465
86 81        0.291566383
86 85        0.125030329
86 87        0.292062103
87 30         0.31590661
87 102        0.310311311
87 86        0.292062103
87 101        0.263792251
87 85        0.254490333
87 31        0.243463218
88 313        0.732858728
88 115        0.498125473
88 89        0.694448091
88 116        0.245404085
88 64        0.455765448
88 311        0.591949218
89 116         0.55415331
89 86        0.536650446
89 81        0.537331851
89 102        0.423628502
89 85        0.474055937
89 115        0.423623035
90 39        0.318976703
90 93        0.235517151
90 37        0.263657628
90 91        0.232094363
90 92        0.196896691
90 34         0.23873073
91 72        0.329048826
91 93        0.323078168
91 34        0.282800433
91 90        0.232094363
91 69        0.238030463
91 67        0.208097532
92 40        0.318195335
92 93        0.270147214
92 35        0.273105053
92 37        0.159669131
92 90        0.196896691
92 39        0.259211259
93 69         0.23635119
93 108        0.236346528
93 40        0.197349989
93 90        0.235517151
93 39        0.135522773
93 37        0.171274223
94 95        0.379229496
94 98        0.333910553
94 111        0.335143484
94 76        0.258112736
94 190        0.315314997
94 74        0.281068911
95 46        0.364444014
95 110        0.231534241
95 48         0.34990136
95 112        0.225335119
95 98        0.205372219
95 96        0.328005806
96 95        0.328005806
96 97        0.208101303
96 99        0.252021879
96 46        0.203372318
96 98        0.175652915
96 75        0.221153002
97 46        0.248798498
97 96        0.208101303
97 33        0.228559309
97 100        0.189215872
97 99         0.17658388
97 32        0.217841682
98 94        0.333910553
98 75        0.274074601
98 46         0.32245905
98 95        0.205372219
98 96        0.175652915
98 74        0.304311326
99 41        0.252118704
99 97         0.17658388
99 96        0.252021879
99 46        0.128806952
99 100       0.0986371698
99 44        0.197587134
100 33        0.298690769
100 97        0.189215872
100 46        0.226650613
100 44        0.156136254
100 99       0.0986371698
100 67        0.170124525
101 86        0.436356463
101 85        0.326462344
101 115        0.426518254
101 30        0.199163191
101 102        0.210453771
101 87        0.263792251
102 30         0.40644517
102 86         0.30743317
102 115        0.372761774
102 85         0.18252704
102 101        0.210453771
102 87        0.310311311
103 65         1.58294398
103 104         1.20063478
103 331         1.42974845
103 310         1.01029856
103 312         1.37640591
103 334          1.3997554
104 103         1.20063478
104 310         1.09772049
104 311         1.19636485
104 65        0.630387557
104 313        0.614316212
104 64         1.14975438
105 50        0.439970876
105 56        0.349532813
105 66         0.43353134
105 106        0.221722567
105 59        0.387858257
105 55        0.232102218
106 56        0.525226736
106 50        0.470054528
106 52        0.475796931
106 105        0.221722567
106 66        0.222942883
106 55        0.420536157
107 39        0.378529669
107 40         0.31315952
107 36        0.343259071
107 108        0.220213103
107 38        0.234510392
107 109        0.113343978
108 73        0.230773601
108 38        0.148797685
108 107        0.220213103
108 40        0.135594233
108 109        0.107216157
108 39        0.178285092
109 73        0.301622757
109 39        0.269425557
109 40        0.208833766
109 108        0.107216157
109 38        0.155717184
109 107        0.113343978
110 98        0.420357215
110 111        0.264833153
110 198        0.328471922
110 95        0.231534241
110 112        0.220413687
110 193        0.307442582
111 165        0.417385457
111 190        0.275948564
111 95        0.410736602
111 110        0.264833153
111 94        0.335143484
111 198        0.255458048
112 46        0.436265899
112 48        0.230556996
112 98        0.419715778
112 110        0.220413687
112 95        0.225335119
112 193        0.306487417
113 43        0.622350965
113 45        0.483181317
113 47        0.576392695
113 114        0.219219835
113 71        0.368137319
113 42        0.464499509
114 47        0.793001956
114 45        0.519476166
114 43        0.772957347
114 113        0.219219835
114 71        0.561718571
114 42        0.683396017
115 88        0.498125473
115 101        0.426518254
115 64        0.480687833
115 102        0.372761774
115 89        0.423623035
115 116        0.258737909
116 58        0.665673995
116 102        0.629161099
116 89         0.55415331
116 88        0.245404085
116 115        0.258737909
116 64        0.357569021
117 141        0.221524834
117 126        0.168698724
117 137        0.194577195
117 142       0.0726764007
117 143        0.166904715
117 133        0.156426002
118 299        0.552317709
118 3        0.410145818
118 119        0.507634806
118 120         0.32899576
118 153         0.41390393
118 7        0.480937624
119 278        0.479896063
119 120        0.434841254
119 7        0.466213862
119 279        0.266709205
119 299        0.370830683
119 8        0.390359095
120 298        0.533572076
120 148        0.470925349
120 153        0.526618769
120 119        0.434841254
120 299        0.257693843
120 118         0.32899576
121 138        0.480812906
121 146        0.453770794
121 141        0.474606458
121 122        0.241956415
121 82        0.335613048
121 83        0.390357231
122 146        0.376754597
122 121        0.241956415
122 140        0.368872115
122 141         0.24091607
122 138        0.241554539
122 139        0.349318755
123 84        0.726584468
123 89        0.713899241
123 122        0.714023988
123 79        0.467934862
123 81        0.710902181
123 121        0.702035054
124 133        0.193093927
124 137        0.176621399
124 132         0.18277943
124 126        0.133554058
124 135        0.169205833
124 136        0.151511343
125 234        0.228330206
125 157        0.205595717
125 124        0.212493261
125 136        0.196226353
125 127        0.146739723
125 160        0.211702143
126 136         0.16987914
126 135        0.130533971
126 117        0.168698724
126 137       0.0699015324
126 124        0.133554058
126 133        0.153718709
127 136        0.186139653
127 155        0.156271112
127 125        0.146739723
127 160       0.0877543365
127 159        0.138457355
127 157        0.144411156
128 158        0.179332219
128 129        0.144056423
128 157        0.137884103
128 159       0.0767327012
128 160        0.106980415
128 156        0.113513833
129 156        0.252030903
129 159        0.211699183
129 149          0.2302294
129 128        0.144056423
129 155        0.190235397
129 160        0.213844274
130 233        0.314483108
130 218        0.300910502
130 161        0.296422381
130 132         0.19605684
130 134       0.0827926861
130 131         0.20907743
131 219        0.355215306
131 167        0.311576993
131 134        0.286492437
131 146        0.256962029
131 161        0.189970252
131 130         0.20907743
132 126        0.272466868
132 233        0.195707595
132 133        0.204153285
132 124         0.18277943
132 134        0.115609534
132 130         0.19605684
133 132        0.204153285
133 139        0.187522264
133 124        0.193093927
133 126        0.153718709
133 142        0.183667907
133 117        0.156426002
134 139        0.292662222
134 131        0.286492437
134 133        0.250263905
134 233        0.265032986
134 130       0.0827926861
134 132        0.115609534
135 126        0.130533971
135 158        0.101709116
135 156        0.110219615
135 137       0.0860774806
135 136       0.0675071161
135 157        0.106957539
136 124        0.151511343
136 159        0.132304916
136 137         0.14610579
136 157       0.0677144947
136 135       0.0675071161
136 156        0.132580777
137 124        0.176621399
137 158        0.126973355
137 156        0.172750791
137 126       0.0699015324
137 135       0.0860774806
137 136         0.14610579
138 139         0.29824216
138 141        0.138421979
138 117        0.267435605
138 140         0.12918976
138 142        0.203640943
138 122        0.241554539
139 134        0.292662222
139 146        0.268556831
139 117        0.236174801
139 141        0.161639318
139 133        0.187522264
139 142         0.19481315
140 144        0.284984095
140 141        0.230650068
140 117        0.238889961
140 138         0.12918976
140 142        0.204197983
140 143        0.223392016
141 122         0.24091607
141 117        0.221524834
141 140        0.230650068
141 142        0.149538816
141 139        0.161639318
141 138        0.138421979
142 140        0.204197983
142 139         0.19481315
142 138        0.203640943
142 141        0.149538816
142 117       0.0726764007
142 133        0.183667907
143 158        0.225134581
143 140        0.223392016
143 142        0.210528828
143 144        0.147466968
143 137        0.197022816
143 117        0.166904715
144 156        0.328317377
144 137        0.304706032
144 117        0.313653364
144 158        0.268176441
144 143        0.147466968
144 140        0.284984095
145 143        0.834373408
145 150        0.664866171
145 151        0.794198609
145 163         0.49450601
145 162        0.704171631
145 144        0.692839938
146 122        0.376754597
146 82        0.373867901
146 141        0.359495118
146 130        0.346524753
146 131        0.256962029
146 139        0.268556831
147 153        0.544419545
147 155        0.520425729
147 162        0.448838424
147 129        0.438241298
147 149        0.246733881
147 148        0.281152609
148 149        0.514766553
148 298        0.476391319
148 299        0.478490206
148 147        0.281152609
148 120        0.470925349
148 152        0.428601258
149 153        0.377208108
149 155        0.273901468
149 162        0.374554954
149 129          0.2302294
149 147        0.246733881
149 128        0.365739084
150 263        0.961609055
150 145        0.664866171
150 152         0.83734762
150 262        0.581823144
150 151        0.474794868
150 163        0.645435518
151 147        0.611668856
151 150        0.474794868
151 262        0.593150972
151 163        0.434815404
151 152         0.43876198
151 148        0.568350763
152 263         0.70944126
152 298        0.503364075
152 147        0.657754173
152 148        0.428601258
152 151         0.43876198
152 262        0.590363606
153 127        0.460950188
153 149        0.377208108
153 118         0.41390393
153 155        0.352334762
153 215         0.32035213
153 154        0.263393836
154 160        0.304981759
154 215        0.233159534
154 125        0.279792394
154 155        0.209121543
154 127         0.23220663
154 153        0.263393836
155 154        0.209121543
155 159        0.208366247
155 160        0.163778995
155 129        0.190235397
155 128        0.204731089
155 127        0.156271112
156 136        0.132580777
156 135        0.110219615
156 128        0.113513833
156 158       0.0697599301
156 157        0.101277303
156 159       0.0985751516
157 128        0.137884103
157 135        0.106957539
157 160         0.09175918
157 136       0.0677144947
157 156        0.101277303
157 159       0.0650688882
158 159        0.166508528
158 157        0.152326811
158 136        0.154940387
158 135        0.101709116
158 156       0.0697599301
158 137        0.126973355
159 127        0.138457355
159 128       0.0767327012
159 136        0.132304916
159 157       0.0650688882
159 160       0.0548609001
159 156       0.0985751516
160 136        0.155356105
160 128        0.106980415
160 156        0.153153702
160 127       0.0877543365
160 159       0.0548609001
160 157         0.09175918
161 167        0.331696705
161 182         0.27493089
161 218        0.317733804
161 131        0.189970252
161 219        0.172455344
161 130        0.296422381
162 158        0.396108411
162 156        0.379315145
162 163        0.341210222
162 129        0.260697629
162 149        0.374554954
162 128        0.330710428
163 149        0.624780465
163 145         0.49450601
163 129        0.591888057
163 151        0.434815404
163 162        0.341210222
163 147        0.555086276
164 182        0.445221755
164 165        0.335290795
164 179        0.433480877
164 166        0.314197931
164 167         0.18643492
164 183        0.217496849
165 94        0.455294914
165 82         0.40223894
165 111        0.417385457
165 190        0.159102107
165 167        0.392946093
165 164        0.335290795
166 180        0.404940755
166 179        0.247041555
166 182        0.401720896
166 183        0.214986901
166 189        0.243420593
166 164        0.314197931
167 146        0.403620925
167 131        0.311576993
167 165        0.392946093
167 183        0.296706461
167 164         0.18643492
167 161        0.331696705
168 169        0.481794248
168 181        0.406156406
168 180        0.463521799
168 194        0.267984697
168 203        0.305535933
168 206        0.350084376
169 180        0.710160072
169 168        0.481794248
169 191        0.669663455
169 194        0.278069018
169 185        0.349424662
169 202        0.657870208
170 178        0.561479655
170 192        0.430759472
170 198        0.537058363
170 171        0.375736021
170 175        0.427235548
170 189         0.43010919
171 189        0.568610284
171 170        0.375736021
171 111        0.490680343
171 193         0.34931193
171 198        0.236758647
171 110        0.488764871
172 48        0.669279068
172 193        0.505255937
172 112        0.663954387
172 43        0.439043932
172 173        0.374345194
172 45        0.590342461
173 186        0.576124373
173 174        0.523696756
173 177        0.567651274
173 172        0.374345194
173 176         0.41048774
173 175        0.515051224
174 188        0.394681573
174 175        0.152932279
174 186        0.353464289
174 177        0.111904287
174 176        0.126028955
174 178        0.240475501
175 188        0.449665646
175 177        0.264488782
175 170        0.427235548
175 174        0.152932279
175 176        0.216227849
175 178        0.261176717
176 178        0.366491597
176 177        0.160704128
176 197          0.3447207
176 174        0.126028955
176 175        0.216227849
176 186        0.303113208
177 197        0.314750699
177 175        0.264488782
177 178        0.272631848
177 176        0.160704128
177 174        0.111904287
177 186        0.260113087
178 176        0.366491597
178 175        0.261176717
178 192        0.342598342
178 188        0.191330226
178 174        0.240475501
178 177        0.272631848
179 205        0.369454727
179 166        0.247041555
179 180        0.254385501
179 183        0.221299985
179 182        0.204929771
179 181        0.229438452
180 191        0.461396038
180 166        0.404940755
180 203         0.44045646
180 179        0.254385501
180 181         0.21699794
180 182        0.411820103
181 219        0.389899674
181 182        0.262460871
181 205        0.259667534
181 203        0.252134724
181 180         0.21699794
181 179        0.229438452
182 161         0.27493089
182 179        0.204929771
182 181        0.262460871
182 219        0.190536075
182 205        0.217580102
182 183        0.247505272
183 161        0.366209479
183 179        0.221299985
183 167        0.296706461
183 164        0.217496849
183 166        0.214986901
183 182        0.247505272
184 178        0.667136391
184 191        0.617060625
184 187         0.58652502
184 192         0.55606429
184 185        0.523047329
184 188        0.534496162
185 168        0.658034606
185 184        0.523047329
185 180        0.634516908
185 169        0.349424662
185 191        0.379330041
185 194        0.571871922
186 174        0.353464289
186 176        0.303113208
186 196        0.191426441
186 195        0.162358667
186 177        0.260113087
186 197       0.0558665232
187 174        0.605143552
187 177        0.537283667
187 184         0.58652502
187 178        0.470661844
187 188        0.296795594
187 195         0.55209399
188 175        0.449665646
188 177        0.377556273
188 192        0.410071582
188 187        0.296795594
188 178        0.191330226
188 174        0.394681573
189 198        0.542940585
189 183        0.444579329
189 179        0.475420014
189 166        0.243420593
189 170         0.43010919
189 164        0.453050358
190 198        0.479254939
190 94        0.315314997
190 164        0.477419064
190 111        0.275948564
190 165        0.159102107
190 76         0.39668444
191 170         0.62832631
191 184        0.617060625
191 189        0.615356396
191 185        0.379330041
191 180        0.461396038
191 192         0.40840992
192 174        0.534259284
192 175        0.454713569
192 188        0.410071582
192 170        0.430759472
192 178        0.342598342
192 191         0.40840992
193 95        0.486536443
193 48        0.483791873
193 198        0.367041191
193 112        0.306487417
193 110        0.307442582
193 171         0.34931193
194 206        0.574288372
194 203        0.570263225
194 185        0.571871922
194 168        0.267984697
194 169        0.278069018
194 202        0.517546197
195 174        0.468951205
195 176        0.448137891
195 186        0.162358667
195 196        0.104171841
195 177        0.360223621
195 197        0.160562316
196 174        0.537106924
196 176        0.494539647
196 186        0.191426441
196 177        0.434458763
196 195        0.104171841
196 197        0.157196922
197 174         0.40480613
197 176          0.3447207
197 195        0.160562316
197 196        0.157196922
197 177        0.314750699
197 186       0.0558665232
198 112        0.515750115
198 193        0.367041191
198 190        0.479254939
198 111        0.255458048
198 171        0.236758647
198 110        0.328471922
199 202         0.46323924
199 209        0.365141393
199 200        0.410053698
199 201        0.222926198
199 208        0.196560547
199 232        0.376696348
200 202        0.410151005
200 209        0.352730895
200 199        0.410053698
200 213        0.311295334
200 201        0.327644513
200 210        0.378119699
201 209        0.479018022
201 200        0.327644513
201 208        0.415601181
201 232        0.315366782
201 199        0.222926198
201 202        0.240827212
202 208         0.65267207
202 199         0.46323924
202 194        0.517546197
202 200        0.410151005
202 201        0.240827212
202 232        0.388556697
203 212        0.379082858
203 181        0.252134724
203 168        0.305535933
203 206        0.183333134
203 205         0.22869263
203 204        0.250792816
204 219        0.337045271
204 203        0.250792816
204 212        0.297769336
204 206        0.217919001
204 205        0.227104673
204 218        0.296826677
205 218        0.335556417
205 203         0.22869263
205 181        0.259667534
205 219        0.184377083
205 182        0.217580102
205 204        0.227104673
206 210         0.38263063
206 205        0.346632481
206 168        0.350084376
206 204        0.217919001
206 203        0.183333134
206 212        0.197763365
207 227        0.452730995
207 229        0.350446083
207 209        0.408100975
207 2        0.236127991
207 18        0.266318945
207 208        0.359466827
208 201        0.415601181
208 209        0.411860466
208 228        0.400999167
208 227        0.291030026
208 199        0.196560547
208 207        0.359466827
209 1        0.409938762
209 213        0.388020224
209 207        0.408100975
209 200        0.352730895
209 2        0.289417221
209 199        0.365141393
210 214        0.469637551
210 211         0.45355928
210 206         0.38263063
210 213         0.25838353
210 200        0.378119699
210 212        0.220653969
211 200        0.538739033
211 209        0.460628878
211 210         0.45355928
211 3        0.221128932
211 213        0.246685958
211 1        0.363497115
212 213        0.461255987
212 203        0.379082858
212 204        0.297769336
212 210        0.220653969
212 214        0.352739427
212 206        0.197763365
213 3         0.46770179
213 209        0.388020224
213 212        0.461255987
213 200        0.311295334
213 211        0.246685958
213 210         0.25838353
214 218        0.436639951
214 233        0.425654715
214 204        0.389658584
214 215        0.297757997
214 234        0.294280927
214 212        0.352739427
215 127        0.441436927
215 153         0.32035213
215 125         0.42479021
215 154        0.233159534
215 214        0.297757997
215 234        0.351841939
216 26        0.767825846
216 228        0.671675163
216 19        0.617379653
216 217        0.466978063
216 221        0.564200555
216 24        0.574665085
217 22        0.650869281
217 216        0.466978063
217 20        0.565617696
217 228        0.404200966
217 19        0.374646489
217 227        0.473932768
218 134        0.326441827
218 130        0.300910502
218 161        0.317733804
218 204        0.296826677
218 233        0.277696182
218 219        0.257333804
219 131        0.355215306
219 182        0.190536075
219 204        0.337045271
219 205        0.184377083
219 161        0.172455344
219 218        0.257333804
220 24        0.717020671
220 225        0.641500934
220 246        0.701073434
220 237        0.449607789
220 26         0.51519624
220 221        0.562307265
221 231        0.994391726
221 225        0.765412569
221 24        0.886187641
221 220        0.562307265
221 216        0.564200555
221 26         0.87904678
222 224         1.20895757
222 236        0.984124335
222 221         1.16552622
222 238        0.529743994
222 223        0.843010372
222 230         1.05634391
223 187         1.60371736
223 238        0.906925801
223 224         1.50601297
223 222        0.843010372
223 236        0.880074171
223 235        0.940509032
224 221         1.53547234
224 225        0.954721649
224 223         1.50601297
224 226        0.606887959
224 222         1.20895757
224 238        0.705109516
225 238         1.10948301
225 237        0.716197187
225 224        0.954721649
225 226        0.391438272
225 220        0.641500934
225 221        0.765412569
226 221         1.11518787
226 224        0.606887959
226 220         1.02626538
226 225        0.391438272
226 237         1.00713904
226 238        0.976918689
227 217        0.473932768
227 199        0.467766567
227 207        0.452730995
227 208        0.291030026
227 228        0.286975277
227 229        0.401230071
228 201        0.590412599
228 199        0.478809095
228 208        0.400999167
228 217        0.404200966
228 227        0.286975277
228 232        0.388080799
229 18        0.500864273
229 227        0.401230071
229 5        0.461386327
229 9        0.390727115
229 207        0.350446083
229 20        0.436252033
230 194        0.931228372
230 202        0.849380793
230 185        0.916471177
230 231        0.396758529
230 169        0.752701423
230 232        0.845338435
231 216         0.84671508
231 232          0.5044137
231 201        0.756805917
231 230        0.396758529
231 228        0.746153107
231 202        0.664062351
232 231          0.5044137
232 208        0.474754582
232 202        0.388556697
232 201        0.315366782
232 228        0.388080799
232 199        0.376696348
233 218        0.277696182
233 124        0.260573161
233 134        0.265032986
233 125        0.232589313
233 234        0.152947451
233 132        0.195707595
234 154        0.350486578
234 214        0.294280927
234 132        0.345413898
234 233        0.152947451
234 125        0.228330206
234 218        0.336048379
235 195         1.06032372
235 223        0.940509032
235 188        0.979040182
235 187        0.692209869
235 236        0.466085637
235 184        0.960966716
236 188         1.04488109
236 187        0.834702313
236 222        0.984124335
236 235        0.466085637
236 184        0.773634562
236 223        0.880074171
237 245        0.948854453
237 225        0.716197187
237 248        0.868317107
237 26        0.696316403
237 220        0.449607789
237 246        0.494618226
238 221         1.31465881
238 225         1.10948301
238 223        0.906925801
238 226        0.976918689
238 224        0.705109516
238 222        0.529743994
239 246        0.613877595
239 240        0.578000135
239 249        0.552253687
239 247        0.340736077
239 245        0.216275165
239 248        0.535159715
240 249        0.869786562
240 239        0.578000135
240 246        0.720511483
240 241        0.575189028
240 245        0.429914341
240 243          0.7062475
241 249          1.3020981
241 239         1.14464409
241 246         1.21410392
241 245         1.00443142
241 240        0.575189028
241 243        0.959241947
242 240         1.29009155
242 28         1.12317838
242 29         1.14485409
242 243        0.614766456
242 244        0.543151622
242 249        0.876947656
243 241        0.959241947
243 240          0.7062475
243 245        0.812837429
243 242        0.614766456
243 249         0.45005135
243 239        0.740866309
244 249         1.15411591
244 28        0.966872747
244 276         1.07476769
244 29        0.676335921
244 243         1.07083219
244 242        0.543151622
245 249        0.729348443
245 247        0.509003154
245 248        0.576219003
245 239        0.216275165
245 240        0.429914341
245 246        0.456815628
246 220        0.701073434
246 248        0.524239438
246 239        0.613877595
246 245        0.456815628
246 26        0.519045371
246 237        0.494618226
247 24        0.642189129
247 245        0.509003154
247 26        0.627971746
247 239        0.340736077
247 248        0.356925682
247 25        0.384664486
248 245        0.576219003
248 246        0.524239438
248 239        0.535159715
248 24        0.376990761
248 26        0.271332627
248 247        0.356925682
249 16        0.805394198
249 247        0.650344407
249 25        0.731564961
249 239        0.552253687
249 243         0.45005135
249 245        0.729348443
250 256        0.502108817
250 255        0.401838628
250 252         0.37109072
250 269        0.395012576
250 251         0.10394318
250 253        0.341255638
251 252        0.456579115
251 269        0.438345445
251 253         0.44206632
251 250         0.10394318
251 255        0.379319263
251 256        0.434119812
252 267        0.402203833
252 260        0.394621498
252 253        0.330492008
252 250         0.37109072
252 269        0.219103768
252 254         0.31614855
253 269        0.513560958
253 272        0.411620993
253 251         0.44206632
253 250        0.341255638
253 254        0.234961436
253 252        0.330492008
254 250        0.529178917
254 272        0.460928864
254 260        0.453493226
254 253        0.234961436
254 282        0.308297667
254 252         0.31614855
255 267        0.382392976
255 251        0.379319263
255 287        0.265673531
255 269         0.25833726
