0 985 phx POLY_ID
1 19        0.121817337
1 18        0.144426088
1 34        0.198392091
1 51        0.209284197
1 39        0.246294283
1 73        0.247708959
2 60       0.0991771733
2 58       0.0993286086
2 57        0.108410097
2 59        0.119722468
2 56        0.123209456
2 52        0.138228449
3 7       0.0170208462
3 63       0.0173301924
3 4       0.0334549273
3 38       0.0377407145
3 9       0.0378345397
3 6       0.0437435637
4 3       0.0334549273
4 63       0.0336905607
4 64       0.0368377888
4 38       0.0418511463
4 7       0.0470483563
4 6       0.0481295701
5 8       0.0348407654
5 9       0.0556522965
5 6       0.0638098972
5 7       0.0687649424
5 63       0.0744939381
5 3        0.085291162
6 63       0.0264133776
6 64       0.0334536145
6 7       0.0379322697
6 10       0.0415272684
6 3       0.0437435637
6 4       0.0481295701
7 63       0.0169576077
7 3       0.0170208462
7 9       0.0221610174
7 6       0.0379322697
7 8       0.0423197955
7 44       0.0450756955
8 9       0.0231933216
8 5       0.0348407654
8 7       0.0423197955
8 44       0.0509080701
8 63       0.0543327397
8 6       0.0571199697
9 7       0.0221610174
9 8       0.0231933216
9 44        0.035039309
9 63       0.0377282489
9 3       0.0378345397
9 6        0.050640615
10 64       0.0354954849
10 6       0.0415272684
10 63       0.0653472026
10 4       0.0712658661
10 11       0.0780688561
10 7       0.0791621023
11 24       0.0667950304
11 36       0.0680430336
11 10       0.0780688561
11 62        0.094179188
11 25       0.0978789193
11 41        0.101771265
12 42        0.231199462
12 38        0.268061696
12 49        0.285682714
12 4        0.298642456
12 3        0.305745789
12 44        0.309628095
13 16       0.0135598657
13 15       0.0168591324
13 14       0.0172631798
13 272        0.019129083
13 716       0.0242577007
13 23       0.0253573537
14 16       0.0140787697
14 15       0.0169031191
14 13       0.0172631798
14 29       0.0253292565
14 22       0.0254412035
14 30       0.0297904221
15 13       0.0168591324
15 14       0.0169031191
15 16       0.0252974242
15 272       0.0270804727
15 30       0.0347540309
15 29       0.0370551866
16 13       0.0135598657
16 14       0.0140787697
16 23        0.016741321
16 22       0.0172408385
16 15       0.0252974242
16 424       0.0294686171
17 29       0.0199354625
17 22       0.0292851192
17 21       0.0329799162
17 30        0.034359381
17 14       0.0349663979
17 28       0.0350963469
18 19       0.0363510843
18 34       0.0719004178
18 39        0.103745078
18 1        0.144426088
18 37        0.152688243
18 73        0.154300187
19 18       0.0363510843
19 34       0.0772712014
19 1        0.121817337
19 39        0.136110164
19 73        0.143631746
19 68        0.165014487
20 75       0.0520397722
20 43        0.225131059
20 35        0.276051855
20 27        0.389278161
20 48        0.427540239
20 1        0.625704137
21 22       0.0294577569
21 17       0.0329799162
21 23       0.0415164398
21 16       0.0466972592
21 28       0.0498782439
21 29       0.0508852319
22 16       0.0172408385
22 23       0.0173287849
22 14       0.0254412035
22 17       0.0292851192
22 21       0.0294577569
22 13       0.0307657142
23 424       0.0160111979
23 16        0.016741321
23 22       0.0173287849
23 95       0.0233201944
23 13       0.0253573537
23 716       0.0260425905
24 25       0.0575587987
24 11       0.0667950304
24 41        0.101682123
24 36        0.127558242
24 61         0.12756758
24 10        0.139879103
25 24       0.0575587987
25 61       0.0843234624
25 11       0.0978789193
25 36        0.134807725
25 62        0.140886383
25 41        0.159070883
26 61        0.105514549
26 25        0.164635952
26 62        0.192063132
26 36        0.213624066
26 24        0.219815807
26 11        0.229003304
27 1        0.292404629
27 18        0.339189013
27 25         0.34013214
27 35        0.343554055
27 19         0.35017119
27 24         0.35195686
28 17       0.0350963469
28 29       0.0479738637
28 21       0.0498782439
28 31       0.0535527808
28 30       0.0580025696
28 22       0.0622440703
29 30       0.0146383188
29 17       0.0199354625
29 14       0.0253292565
29 22        0.035718394
29 16       0.0359629325
29 15       0.0370551866
30 29       0.0146383188
30 14       0.0297904221
30 17        0.034359381
30 15       0.0347540309
30 16       0.0432228617
30 13       0.0456717475
31 28       0.0535527808
31 30       0.0628225124
31 32       0.0630762973
31 29       0.0654105601
31 17       0.0695841611
31 14       0.0901859268
32 30       0.0480995188
32 29       0.0621542202
32 31       0.0630762973
32 15       0.0688087833
32 14       0.0735385708
32 17       0.0804096351
33 65       0.0449122612
33 766       0.0610081778
33 70       0.0652671757
33 66       0.0780047513
33 72       0.0793420729
33 696       0.0820872917
34 18       0.0719004178
34 19       0.0772712014
34 73       0.0887029212
34 68       0.0932106119
34 39       0.0973565052
34 67        0.122738593
35 20        0.276051855
35 48        0.295421334
35 75        0.307357893
35 43        0.309086074
35 27        0.343554055
35 51        0.408080766
36 62       0.0317714262
36 11       0.0680430336
36 64       0.0802144328
36 10       0.0822000844
36 4        0.103313014
36 6        0.111349275
37 39       0.0514579232
37 41       0.0742683935
37 34        0.128707061
37 5        0.144426653
37 18        0.152688243
37 68        0.154137249
38 3       0.0377407145
38 4       0.0418511463
38 63       0.0531803113
38 7       0.0534989011
38 44       0.0646902332
38 9       0.0700929162
39 37       0.0514579232
39 41       0.0967481747
39 34       0.0973565052
39 18        0.103745078
39 19        0.136110164
39 68        0.153632557
40 51        0.115041684
40 45         0.18513182
40 1        0.298802193
40 74        0.355709692
40 19        0.373985972
40 31        0.395802698
41 37       0.0742683935
41 39       0.0967481747
41 24        0.101682123
41 11        0.101771265
41 10         0.11584046
41 5         0.13385617
42 38       0.0774208403
42 44       0.0830432037
42 3        0.102815396
42 7        0.110829846
42 9        0.113644213
42 4        0.119009159
43 20        0.225131059
43 48        0.265211925
43 75        0.275054985
43 35        0.309086074
43 27        0.570522527
43 51        0.714239379
44 9        0.035039309
44 7       0.0450756955
44 3        0.050873645
44 8       0.0509080701
44 63       0.0613819883
44 38       0.0646902332
45 40         0.18513182
45 31        0.225092519
45 74        0.245516628
45 28        0.257624036
45 51        0.260755816
45 32        0.272552722
46 33       0.0863345392
46 65        0.129417826
46 66        0.137145821
46 5        0.138243127
46 83        0.139622229
46 766        0.140229793
47 69         0.04505495
47 698       0.0525513932
47 71       0.0595182982
47 756       0.0641492263
47 696       0.0703984534
47 708       0.0772362625
48 43        0.265211925
48 35        0.295421334
48 20        0.427540239
48 75        0.478220486
48 51        0.604442047
48 27        0.638043048
49 55       0.0409896365
49 52       0.0479073632
49 54       0.0538708869
49 59       0.0565441354
49 56       0.0645145641
49 53       0.0685182474
50 54       0.0574115242
50 53       0.0588596189
50 52       0.0763951486
50 56       0.0776931301
50 55       0.0828272188
50 57       0.0858623712
51 40        0.115041684
51 1        0.209284197
51 45        0.260755816
51 19        0.308754941
51 18        0.340754513
51 74        0.351344618
52 56       0.0182052996
52 59       0.0190000072
52 53       0.0222273478
52 54       0.0229104237
52 57       0.0341118475
52 60        0.039155059
53 56       0.0189590397
53 52       0.0222273478
53 54       0.0230303143
53 57         0.03061907
53 59       0.0314727856
53 58        0.040702362
54 52       0.0229104237
54 53       0.0230303143
54 56       0.0349900331
54 59       0.0413143937
54 55         0.04385317
54 57       0.0503924488
55 49       0.0409896365
55 54         0.04385317
55 52       0.0562788641
55 53       0.0665976821
55 59        0.073685707
55 56       0.0738706635
56 59       0.0140737544
56 57       0.0161793909
56 52       0.0182052996
56 53       0.0189590397
56 60       0.0266000207
56 58       0.0299608543
57 58       0.0143523543
57 56       0.0161793909
57 60       0.0189509625
57 59       0.0223018674
57 53         0.03061907
57 52       0.0341118475
58 57       0.0143523543
58 60       0.0264151579
58 56       0.0299608543
58 59       0.0362824925
58 53        0.040702362
58 52       0.0481381883
59 56       0.0140737544
59 52       0.0190000072
59 60       0.0205693669
59 57       0.0223018674
59 53       0.0314727856
59 58       0.0362824925
60 57       0.0189509625
60 59       0.0205693669
60 58       0.0264151579
60 56       0.0266000207
60 52        0.039155059
60 53       0.0452238637
61 25       0.0843234624
61 62       0.0989077103
61 26        0.105514549
61 36        0.113138841
61 11        0.124084753
61 24         0.12756758
62 36       0.0317714262
62 11        0.094179188
62 61       0.0989077103
62 64        0.105013161
62 10        0.112565764
62 4        0.120899346
63 7       0.0169576077
63 3       0.0173301924
63 6       0.0264133776
63 4       0.0336905607
63 9       0.0377282489
63 64       0.0433939519
64 6       0.0334536145
64 10       0.0354954849
64 4       0.0368377888
64 63       0.0433939519
64 3       0.0560676799
64 7       0.0601949238
65 70        0.021522352
65 72       0.0397129743
65 33       0.0449122612
65 766       0.0521044355
65 66       0.0574685618
65 696       0.0576706826
66 67       0.0282095277
66 72       0.0376674619
66 68       0.0442482175
66 65       0.0574685618
66 70       0.0662156155
66 33       0.0780047513
67 66       0.0282095277
67 68       0.0295511008
67 72       0.0321630397
67 73       0.0645086701
67 71       0.0671555832
67 70       0.0679582445
68 67       0.0295511008
68 66       0.0442482175
68 73       0.0489207261
68 72       0.0616912107
68 34       0.0932106119
68 71       0.0938323954
69 71       0.0144919627
69 47         0.04505495
69 70       0.0492441166
69 72       0.0580536493
69 698       0.0621022642
69 696         0.06468515
70 65        0.021522352
70 72       0.0358520373
70 71       0.0418223567
70 696        0.047321654
70 69       0.0492441166
70 766       0.0526089776
71 69       0.0144919627
71 70       0.0418223567
71 72        0.044108079
71 47       0.0595182982
71 65       0.0616980841
71 67       0.0671555832
72 67       0.0321630397
72 70       0.0358520373
72 66       0.0376674619
72 65       0.0397129743
72 71        0.044108079
72 69       0.0580536493
73 68       0.0489207261
73 67       0.0645086701
73 74       0.0859792211
73 34       0.0887029212
73 66       0.0893244477
73 72       0.0907172951
74 73       0.0859792211
74 71        0.115879182
74 69        0.117094548
74 67        0.126795511
74 68        0.127355172
74 32        0.133007444
75 20       0.0520397722
75 43        0.275054985
75 35        0.307357893
75 27        0.368989012
75 48        0.478220486
75 1        0.622015014
76 77       0.0221430459
76 272       0.0277090595
76 487       0.0279077961
76 78       0.0293065976
76 756       0.0319199929
76 187       0.0331794608
77 78       0.0170517272
77 76       0.0221430459
77 181       0.0300960029
77 187       0.0316216004
77 756       0.0335211215
77 667       0.0373860688
78 77       0.0170517272
78 187       0.0170647629
78 181       0.0173638556
78 667        0.020563598
78 715       0.0292787788
78 76       0.0293065976
79 985       0.0141653649
79 181       0.0221424538
79 803       0.0226975477
79 185       0.0288175537
79 712       0.0322189591
79 227       0.0350067333
80 137       0.0254076007
80 320       0.0268530128
80 317       0.0329116556
80 755       0.0333819847
80 138        0.036697734
80 280       0.0391474076
81 753       0.0120207494
81 135       0.0163114649
81 82       0.0164127982
81 754       0.0188622868
81 750       0.0212708231
81 752        0.028689838
82 81       0.0164127982
82 135       0.0165737744
82 754       0.0172003778
82 753       0.0237841182
82 136       0.0282977193
82 139       0.0303731886
83 751       0.0173339273
83 752       0.0307654979
83 700       0.0348242339
83 697       0.0373035001
83 754       0.0449812391
83 755       0.0452365533
84 232       0.0186354991
84 140       0.0188225115
84 141       0.0188929305
84 231       0.0189304855
84 854       0.0218569312
84 136       0.0232965517
85 814       0.0145665604
85 233       0.0169653611
85 180       0.0173989349
85 346       0.0175167446
85 86       0.0176092034
85 195       0.0181306441
86 346      0.00757032492
86 528       0.0109618941
86 85       0.0176092034
86 823        0.017705195
86 345        0.018313062
86 814        0.020436183
87 278       0.0168879296
87 275       0.0173478032
87 279       0.0187460121
87 281       0.0290935384
87 282       0.0336696639
87 235       0.0342630875
88 319       0.0144524168
88 90        0.017217441
88 192       0.0172737041
88 343       0.0259604298
88 318       0.0288249847
88 89       0.0299518179
89 861       0.0147808334
89 343       0.0148064902
89 90       0.0173287395
89 525       0.0227393825
89 486        0.022826526
89 627       0.0292941363
90 486       0.0148630142
90 88        0.017217441
90 89       0.0173287395
90 192       0.0174145488
90 343       0.0227657809
90 861       0.0228238986
91 858       0.0251939216
91 591       0.0316350592
91 903       0.0337915138
91 450       0.0373593843
91 142       0.0379025115
91 625       0.0449750364
92 897       0.0144939459
92 421       0.0173017844
92 740       0.0224399081
92 690        0.022720183
92 94       0.0253839145
92 178       0.0259429379
93 720      0.00716336259
93 740       0.0138656786
93 808       0.0139356552
93 183       0.0227102016
93 666       0.0239450658
93 721       0.0257914989
94 721      0.00755139153
94 897       0.0108900862
94 776       0.0172652839
94 475       0.0181083034
94 774       0.0188101845
94 690       0.0203647093
95 716      0.00726321249
95 424       0.0115566914
95 23       0.0233201944
95 96       0.0260345872
95 272       0.0260807809
95 717       0.0265051743
96 717      0.00727847821
96 425       0.0115089099
96 715       0.0185137946
96 95       0.0260345872
96 718       0.0272983524
96 716       0.0275315645
97 842       0.0149699342
97 898         0.01623549
97 833       0.0166825599
97 130       0.0216323587
97 921       0.0217344607
97 868       0.0292448927
98 579       0.0103550604
98 99       0.0145624947
98 177       0.0175828136
98 681       0.0177857214
98 636       0.0187363206
98 832       0.0188442458
99 98       0.0145624947
99 586       0.0175146913
99 841       0.0180894814
99 681        0.020061254
99 177       0.0211352648
99 579       0.0249174988
100 148      0.00729711256
100 830       0.0108898454
100 221       0.0147663044
100 149       0.0174210114
100 150       0.0177474207
100 789       0.0205621754
101 151      0.00791701932
101 871       0.0133539791
101 918       0.0139468023
101 947       0.0157984765
101 886       0.0162114707
101 941       0.0225848659
102 573       0.0250810059
102 572       0.0306802798
102 469       0.0346735729
102 206        0.042271617
102 668       0.0572451653
102 569       0.0597755564
103 618      0.00925896861
103 262       0.0127124205
103 471       0.0154619239
103 472       0.0181175139
103 619       0.0183690347
103 621       0.0186541615
104 623       0.0540942053
104 624       0.0638556661
104 565       0.0652611812
104 564       0.0672307218
104 105       0.0704558489
104 348       0.0859694588
105 624         0.03901137
105 623       0.0450364001
105 668       0.0624677037
105 104       0.0704558489
105 565       0.0819050601
105 564       0.0943478569
106 565       0.0458394592
106 564       0.0479092552
106 624       0.0748958611
106 104        0.111095659
106 105        0.113605557
106 623        0.141575471
107 729        0.133318595
107 728        0.171076697
107 723        0.212195989
107 675        0.220270128
107 725        0.224573995
107 731        0.225710754
108 669        0.157551391
108 729        0.205853789
108 107        0.254515357
108 674        0.279472071
108 567         0.28279829
108 519        0.287975047
109 855        0.064277411
109 652        0.103826607
109 838        0.111168267
109 853        0.124153982
109 873        0.125621116
109 549        0.129198362
110 111      0.00725196295
110 333        0.010874186
110 114       0.0145046611
110 337       0.0165530707
110 435       0.0170928519
110 436       0.0183948112
111 110      0.00725196295
111 114      0.00725269928
111 370       0.0144987568
111 436        0.017068128
111 333       0.0181261448
111 159       0.0184629607
112 113      0.00709136533
112 635      0.00842580939
112 913       0.0167363938
112 479       0.0176908862
112 878       0.0178154439
112 174       0.0187221255
113 112      0.00709136533
113 458       0.0121234823
113 437        0.012582574
113 635       0.0155171556
113 174       0.0169567912
113 913       0.0181298027
114 370      0.00724606121
114 111      0.00725269928
114 110       0.0145046611
114 159       0.0171471525
114 174       0.0176187199
114 960       0.0180991869
115 264       0.0151703227
115 157       0.0168197567
115 310       0.0173096028
115 265       0.0239438426
115 506       0.0278715985
115 158       0.0285812689
116 117      0.00868257868
116 899       0.0117541461
116 958       0.0140654119
116 205       0.0147572975
116 246       0.0169847583
116 204       0.0169902869
117 116      0.00868257868
117 958        0.012513858
117 641       0.0129986151
117 658       0.0147402209
117 205       0.0171543796
117 965       0.0191832139
118 846       0.0129916459
118 269       0.0145091762
118 171       0.0149856054
118 875       0.0173662085
118 863       0.0216596352
118 845       0.0223683345
119 204      0.00753852313
119 899      0.00764885346
119 216       0.0103491826
119 589       0.0138563061
119 246       0.0156895924
119 613       0.0159765452
120 129       0.0119209883
120 747       0.0141770541
120 286       0.0144162358
120 524        0.017843115
120 127       0.0207665901
120 953       0.0208737886
121 640      0.00715184418
121 447       0.0163349501
121 684       0.0172212062
121 679       0.0179906704
121 329       0.0180503718
121 785       0.0195760902
122 583      0.00724125299
122 971       0.0139761664
122 739       0.0144943173
122 822       0.0172305719
122 809        0.017340721
122 810       0.0188593779
123 821       0.0110031532
123 791       0.0143991465
123 585       0.0166332314
123 831       0.0176078203
123 825       0.0182604765
123 767        0.020442073
124 844       0.0149309701
124 875       0.0173515652
124 845       0.0228803818
124 967       0.0233415247
124 857        0.029125126
124 171       0.0300878003
125 540      0.00718421877
125 688      0.00727071053
125 541       0.0131448549
125 689       0.0145252608
125 744       0.0178160311
125 797       0.0179970758
126 538       0.0107630287
126 799        0.013090762
126 592        0.014499411
126 590       0.0174324886
126 797       0.0175866647
126 488       0.0183933405
127 953        0.010620599
127 129       0.0138315208
127 223       0.0147996276
127 747       0.0160859393
127 164       0.0173094197
127 966       0.0206363482
128 878      0.00724764162
128 895       0.0110093094
128 635       0.0153809305
128 976       0.0174454933
128 913       0.0179960106
128 910       0.0188411224
129 953      0.00936125304
129 164      0.00937876331
129 120       0.0119209883
129 127       0.0138315208
129 287       0.0153803933
129 747        0.018543837
130 267       0.0187884691
130 871        0.019746077
130 944       0.0207041738
130 629       0.0208540372
130 842       0.0211926052
130 97       0.0216323587
131 582       0.0143745246
131 984       0.0146425491
131 478       0.0172122153
131 480        0.022330361
131 860       0.0227595889
131 807       0.0236044062
132 862       0.0145327509
132 847       0.0172421929
132 144       0.0179929903
132 863       0.0194151549
132 746       0.0225659099
132 591       0.0238617012
133 172       0.0144789593
133 169       0.0145648219
133 224       0.0174282432
133 940       0.0177700295
133 225       0.0226037305
133 917       0.0226807342
134 166       0.0135631809
134 771        0.017432431
134 221       0.0215833451
134 509       0.0237493367
134 826       0.0266245393
134 533       0.0297171497
135 139       0.0151146603
135 81       0.0163114649
135 82       0.0165737744
135 753         0.02828746
135 230       0.0293630539
135 140       0.0298405741
136 140       0.0168941483
136 137       0.0171212952
136 84       0.0232965517
136 82       0.0282977193
136 141       0.0300057026
136 231       0.0302125674
137 136       0.0171212952
137 80       0.0254076007
137 141       0.0285979097
137 138       0.0303156016
137 84       0.0328147556
137 140       0.0335275236
138 193        0.018187386
138 320       0.0230928871
138 180       0.0235581528
138 195        0.024602773
138 141       0.0276165378
138 137       0.0303156016
139 230       0.0143081767
139 135       0.0151146603
139 140       0.0266914566
139 231       0.0302343754
139 82       0.0303731886
139 81       0.0305777562
140 231       0.0144410515
140 136       0.0168941483
140 84       0.0188225115
140 139       0.0266914566
140 230       0.0294537782
140 135       0.0298405741
141 232       0.0144915059
141 84       0.0188929305
141 233       0.0221334303
141 180       0.0224634676
141 138       0.0276165378
141 137       0.0285979097
142 144       0.0202304102
142 145       0.0277119984
142 591       0.0319439686
142 132       0.0329460053
142 91       0.0379025115
142 847       0.0426377402
143 203       0.0252088352
143 577       0.0454485584
143 450       0.0517585248
143 146       0.0529881534
143 142       0.0597525244
143 858       0.0648117515
144 132       0.0179929903
144 142       0.0202304102
144 145       0.0209717472
144 746        0.024975817
144 862       0.0288637735
144 190       0.0316947342
145 144       0.0209717472
145 191       0.0219589865
145 147       0.0260348815
145 142       0.0277119984
145 190       0.0290319115
145 885       0.0333681008
146 188       0.0259673042
146 147       0.0264924433
146 145       0.0385813112
146 291       0.0413892041
146 191       0.0425989264
146 292       0.0469303536
147 291       0.0164820227
147 191       0.0174324665
147 145       0.0260348815
147 146       0.0264924433
147 292       0.0288258297
147 188       0.0294372994
148 100      0.00729711256
148 221       0.0135882331
148 150       0.0159355408
148 830       0.0181868457
148 218       0.0184290293
148 149       0.0188976428
149 836       0.0070515798
149 150      0.00799730595
149 789       0.0108959738
149 100       0.0174210114
149 868       0.0175966834
149 148       0.0188976428
150 836      0.00634269995
150 149      0.00799730595
150 148       0.0159355408
150 218       0.0162935377
150 100       0.0177474207
150 789       0.0188119138
151 101      0.00791701932
151 886       0.0113258753
151 918       0.0127171053
151 941       0.0148439116
151 947       0.0175711961
151 916       0.0179259107
152 153      0.00836579025
152 937      0.00939758743
152 886       0.0120142927
152 941       0.0124190689
152 904       0.0169900388
152 943       0.0177568417
153 152      0.00836579025
153 902       0.0109368687
153 937       0.0133666551
153 886       0.0134365148
153 947        0.018804561
153 941       0.0194563128
154 198       0.0121659396
154 656       0.0142176734
154 757       0.0178073049
154 701       0.0226568298
154 851       0.0228102901
154 924       0.0248100033
155 156         0.01144675
155 936       0.0149847268
155 920       0.0159883589
155 852       0.0204329995
155 850       0.0246063731
155 902       0.0291948938
156 155         0.01144675
156 850       0.0139345726
156 920       0.0218933067
156 933       0.0252410668
156 936       0.0258321668
156 852        0.030675827
157 506       0.0160493465
157 115       0.0168197567
157 264       0.0236936378
157 505       0.0268491687
157 783       0.0331798256
157 262        0.033386039
158 372       0.0146843505
158 115       0.0285812689
158 304       0.0290124548
158 312       0.0316833903
158 310       0.0322947607
158 157       0.0349594042
159 436      0.00722557064
159 160       0.0072475682
159 435       0.0144527643
159 114       0.0171471525
159 314       0.0175581151
159 417       0.0180984449
160 159       0.0072475682
160 417       0.0108509548
160 436       0.0144727199
160 370       0.0171052226
160 314       0.0177299843
160 114       0.0184316712
161 107        0.248100692
161 108        0.289284311
161 608        0.307740602
161 729        0.341006494
161 728        0.413099518
161 669        0.439704873
162 609       0.0176140387
162 163       0.0220969145
162 622       0.0270166598
162 520        0.029107366
162 566       0.0318121821
162 730        0.032439873
163 566       0.0124570799
163 730       0.0201743388
163 162       0.0220969145
163 520       0.0259153641
163 607       0.0261881348
163 521       0.0289707229
164 953       0.0070819589
164 129      0.00937876331
164 287       0.0113808087
164 956       0.0141275141
164 288       0.0158387263
164 127       0.0173094197
165 966       0.0172455957
165 290       0.0175118134
165 956       0.0185184438
165 350         0.01879699
165 961       0.0197420694
165 367       0.0223796526
166 771      0.00986147907
166 134       0.0135631809
166 826       0.0157081817
166 509       0.0177827112
166 824       0.0192683515
166 167       0.0226749197
167 585      0.00832671328
167 828      0.00849356252
167 509      0.00951558076
167 628       0.0144946821
167 771       0.0144951237
167 825        0.017289914
168 968      0.00687730882
168 173      0.00876018344
168 901       0.0139545546
168 636       0.0233769086
168 973        0.025885705
168 872       0.0271773378
169 133       0.0145648219
169 225       0.0175756618
169 950       0.0179543335
169 220       0.0196944838
169 676       0.0223944922
169 940       0.0228170247
170 233       0.0144452184
170 480       0.0145440616
170 814       0.0169762402
170 983       0.0170381544
170 232       0.0222456952
170 984       0.0223010892
171 560       0.0149352783
171 118       0.0149856054
171 875       0.0162260669
171 846       0.0242080829
171 179        0.024578425
171 269        0.028521759
172 283       0.0137123816
172 133       0.0144789593
172 917       0.0174448666
172 524       0.0178854409
172 284       0.0208552431
172 224       0.0226613713
173 168      0.00876018344
173 636       0.0155933259
173 968       0.0155953519
173 973       0.0172422568
173 901       0.0173308942
173 579        0.026681392
174 879       0.0145255268
174 479       0.0160338273
174 113       0.0169567912
174 370       0.0175776778
174 114       0.0176187199
174 112       0.0187221255
175 876       0.0247930556
175 795       0.0276658671
175 829       0.0285917468
175 421       0.0298036393
175 693       0.0306838929
175 92        0.030734138
176 848      0.00879270863
176 884       0.0129357482
176 749       0.0130787358
176 901       0.0163038954
176 581       0.0168127281
176 972       0.0183525724
177 872       0.0168524728
177 98       0.0175828136
177 802       0.0179584221
177 636       0.0198671504
177 99       0.0211352648
177 579       0.0216291406
178 877       0.0168418025
178 690        0.016853282
178 811       0.0170040973
178 795       0.0239486173
178 593       0.0258037862
178 92       0.0259429379
179 846       0.0150761984
179 798       0.0150796068
179 863       0.0151597158
179 796       0.0194132179
179 118       0.0224343762
179 862       0.0226525721
180 195       0.0123032759
180 233       0.0144782605
180 85       0.0173989349
180 193       0.0193796368
180 141       0.0224634676
180 138       0.0235581528
181 667       0.0149073594
181 985        0.017041811
181 78       0.0173638556
181 185       0.0200094385
181 79       0.0221424538
181 187       0.0267811493
182 228       0.0142548979
182 183       0.0149122517
182 666       0.0175829766
182 184       0.0181812907
182 722       0.0196344874
182 475       0.0231327872
183 475       0.0134912583
183 182       0.0149122517
183 721       0.0166057871
183 720       0.0180682993
183 666        0.019012503
183 184       0.0199152138
184 229        0.014417096
184 475       0.0148038094
184 476       0.0171637222
184 182       0.0181812907
184 183       0.0199152138
184 228       0.0206180674
185 451       0.0143472466
185 985       0.0148287926
185 667       0.0169992866
185 712       0.0177943928
185 181       0.0200094385
185 186       0.0225021529
186 718        0.012050285
186 667       0.0140517568
186 715       0.0157477226
186 451       0.0173853066
186 422       0.0201318717
186 187       0.0214609757
187 715       0.0127238127
187 78       0.0170647629
187 487         0.01731872
187 667        0.018162291
187 186       0.0214609757
187 717       0.0233565426
188 189        0.024313766
188 146       0.0259673042
188 147       0.0294372994
188 292       0.0295677918
188 291       0.0344445739
188 293       0.0422833613
189 293       0.0208427583
189 188        0.024313766
189 292       0.0293661941
189 291       0.0439051273
189 325       0.0469036839
189 147       0.0474525472
190 746       0.0171739099
190 885       0.0172949714
190 200       0.0225364269
190 191       0.0226353771
190 145       0.0290319115
190 748       0.0302161707
191 885       0.0145485973
191 291       0.0172298392
191 147       0.0174324665
191 145       0.0219589865
191 190       0.0226353771
191 292       0.0344222308
192 709       0.0149884054
192 88       0.0172737041
192 90       0.0174145488
192 486        0.022886104
192 196       0.0230071729
192 237       0.0295136524
193 195       0.0108754556
193 194       0.0172717821
193 138        0.018187386
193 344       0.0191040084
193 180       0.0193796368
193 345       0.0224795182
194 344       0.0118004805
194 345       0.0145441081
194 193       0.0172717821
194 525       0.0173164695
194 649       0.0193576832
194 195       0.0204067907
195 193       0.0108754556
195 180       0.0123032759
195 345       0.0175247754
195 85       0.0181306441
195 194       0.0204067907
195 346       0.0223551249
196 238       0.0146128248
196 197       0.0168212952
196 709        0.017377628
196 237       0.0227792005
196 192       0.0230071729
196 239        0.023972934
197 196       0.0168212952
197 236       0.0171706256
197 239       0.0175720788
197 238       0.0222952388
197 240       0.0238499027
197 243       0.0308139943
198 154       0.0121659396
198 757       0.0127500602
198 924       0.0164245121
198 851       0.0220885531
198 656       0.0255200103
198 701       0.0288935815
199 758       0.0118849939
199 274       0.0150179698
199 850       0.0254700069
199 368       0.0273281477
199 225       0.0279771987
199 955        0.028202946
200 748       0.0155190517
200 746       0.0208420142
200 190       0.0225364269
200 796        0.023461497
200 742       0.0247695049
200 743       0.0267471292
201 683      0.00727646039
201 248       0.0123268645
201 247       0.0124762112
201 737       0.0149475539
201 678        0.016853597
201 682       0.0174194096
202 251       0.0108209889
202 733       0.0148758788
202 253       0.0168058225
202 610       0.0171844016
202 252       0.0180654303
202 678       0.0186644278
203 143       0.0252088352
203 450       0.0267665942
203 858       0.0413928044
203 91       0.0499839728
203 625       0.0533580099
203 142       0.0578007642
204 119      0.00753852313
204 589      0.00836157771
204 613      0.00844339949
204 899       0.0125776218
204 965       0.0159386576
204 216        0.016953345
205 658      0.00873053183
205 660       0.0118511027
205 659       0.0134676893
205 246       0.0134937031
205 116       0.0147572975
205 117       0.0171543796
206 572       0.0215181477
206 569       0.0216573949
206 573       0.0377747498
206 571       0.0396385588
206 568       0.0399886884
206 102        0.042271617
207 468       0.0240582342
207 445        0.031704376
207 617       0.0400644673
207 470       0.0466749066
207 616       0.0467005219
207 469       0.0496649115
208 780       0.0157191761
208 438       0.0184763987
208 444       0.0200774096
208 209       0.0221561302
208 563        0.024351376
208 409       0.0269104542
209 780       0.0162860648
209 208       0.0221561302
209 563       0.0233625473
209 444       0.0241602922
209 569        0.037831836
209 438       0.0406259506
210 259        0.018248693
210 508       0.0191061993
210 263       0.0200505611
210 261       0.0219518596
210 260       0.0239851904
210 505       0.0297195854
211 849       0.0144475388
211 789       0.0147272679
211 681        0.017102807
211 273       0.0176311908
211 866       0.0213974586
211 586       0.0223267496
212 628        0.010505453
212 939       0.0108098353
212 830       0.0150776524
212 273       0.0155589565
212 828       0.0173211255
212 831       0.0215199615
213 980       0.0126235439
213 919       0.0144078513
213 914       0.0173134261
213 415       0.0173357671
213 979       0.0174582682
213 978       0.0224033226
214 793       0.0145155151
214 969       0.0145548754
214 242       0.0171910299
214 815       0.0173800537
214 790       0.0224529103
214 529       0.0226589601
215 270       0.0234042059
215 853       0.0423974755
215 954       0.0452211803
215 873       0.0528351107
215 855       0.0777200478
215 552       0.0812294327
216 799      0.00872341382
216 119       0.0103491826
216 899       0.0144532858
216 946        0.015080473
216 590       0.0152490611
216 964       0.0157473776
217 911       0.0130036605
217 418       0.0144071796
217 458       0.0151047745
217 437       0.0152009239
217 588       0.0173099766
217 880       0.0199333719
218 150       0.0162935377
218 148       0.0184290293
218 836       0.0211886516
218 149       0.0241846975
218 100       0.0249171337
218 898       0.0254905323
219 839       0.0144396589
219 330       0.0144994269
219 896        0.017079815
219 664       0.0191943954
219 526       0.0221814809
219 446       0.0227885082
220 169       0.0196944838
220 225       0.0200628389
220 326       0.0235717577
220 676       0.0262210595
220 758        0.026708676
220 274       0.0322257683
221 148       0.0135882331
221 100       0.0147663044
221 509       0.0157101248
221 628       0.0171314847
221 771        0.018037535
221 830       0.0215367778
222 778       0.0130101829
222 593       0.0144953218
222 813       0.0164827506
222 877       0.0172549298
222 817       0.0225488973
222 484       0.0290626268
223 127       0.0147996276
223 882        0.016800566
223 966       0.0196255864
223 787       0.0211192109
223 367       0.0216086867
223 953       0.0235767958
224 225       0.0144956065
224 917       0.0144998921
224 368       0.0169524902
224 133       0.0174282432
224 369       0.0218304756
224 274       0.0224436409
225 224       0.0144956065
225 274       0.0174799205
225 169       0.0175756618
225 220       0.0200628389
225 368        0.021660525
225 133       0.0226037305
226 358      0.00992399554
226 961       0.0122894772
226 359       0.0167450644
226 759       0.0180135688
226 870       0.0185305185
226 835       0.0209890851
227 722       0.0216727858
227 230       0.0232494755
227 923       0.0255429117
227 803       0.0277649986
227 228       0.0278460549
227 79       0.0350067333
228 182       0.0142548979
228 722       0.0171425584
228 229       0.0171666893
228 184       0.0206180674
228 923       0.0231713076
228 227       0.0278460549
229 184        0.014417096
229 804       0.0168189724
229 228       0.0171666893
229 476       0.0209678337
229 982       0.0220569075
229 923       0.0235446163
230 139       0.0143081767
230 227       0.0232494755
230 231       0.0256337102
230 923       0.0276885501
230 135       0.0293630539
230 140       0.0294537782
231 140       0.0144410515
231 84       0.0189304855
231 854       0.0224540175
231 923       0.0233245799
231 230       0.0256337102
231 136       0.0302125674
232 983        0.014482242
232 141       0.0144915059
232 233       0.0171512028
232 84       0.0186354991
232 170       0.0222456952
232 854       0.0226315827
233 170       0.0144452184
233 180       0.0144782605
233 85       0.0169653611
233 232       0.0171512028
233 141       0.0221334303
233 814       0.0221580731
234 277       0.0167635552
234 235       0.0168720884
234 275       0.0337881161
234 755       0.0354528715
234 280       0.0387285076
234 278       0.0450267173
235 277       0.0168440226
235 234       0.0168720884
235 275       0.0169160436
235 278        0.029523567
235 280       0.0303533495
235 87       0.0342630875
236 240       0.0156191536
236 197       0.0171706256
236 239       0.0247389957
236 241       0.0280735989
236 196       0.0339909803
236 244       0.0342856016
237 242       0.0144479982
237 709       0.0145262949
237 238        0.017412197
237 969       0.0176545156
237 243       0.0202867078
237 196       0.0227792005
238 243        0.010986181
238 196       0.0146128248
238 239       0.0165971002
238 237        0.017412197
238 197       0.0222952388
238 709       0.0226011891
239 244       0.0140466361
239 238       0.0165971002
239 197       0.0175720788
239 240       0.0183963534
239 243       0.0184875161
239 196        0.023972934
240 236       0.0156191536
240 239       0.0183963534
240 241       0.0213593396
240 244       0.0216822458
240 197       0.0238499027
240 245       0.0262661327
241 245       0.0138979192
241 581       0.0207829005
241 240       0.0213593396
241 972       0.0250308311
241 848       0.0275744421
241 576       0.0278371746
242 237       0.0144479982
242 790       0.0146520785
242 214       0.0171910299
242 243        0.018061214
242 969       0.0223951272
242 874       0.0224969646
243 238        0.010986181
243 874       0.0180376999
243 242        0.018061214
243 239       0.0184875161
243 237       0.0202867078
243 244       0.0205198889
244 864       0.0128779671
244 239       0.0140466361
244 243       0.0205198889
244 240       0.0216822458
244 874       0.0237238434
244 238       0.0255704183
245 241       0.0138979192
245 576       0.0151368844
245 581       0.0176395091
245 973       0.0259476756
245 848       0.0261789287
245 240       0.0262661327
246 659      0.00732168666
246 899      0.00950047196
246 205       0.0134937031
246 119       0.0156895924
246 964       0.0157926393
246 116       0.0169847583
247 248      0.00907815869
247 201       0.0124762112
247 592       0.0130680408
247 737        0.014532092
247 797       0.0151841483
247 683       0.0193466527
248 247      0.00907815869
248 201       0.0123268645
248 733       0.0130653646
248 797        0.015285612
248 678       0.0161892534
248 683       0.0193577687
249 250      0.00724467245
249 610       0.0110495239
249 253       0.0114748668
249 976       0.0145285509
249 895        0.017625007
249 251       0.0193203302
250 249      0.00724467245
250 976      0.00728394335
250 253       0.0112809952
250 910       0.0145595776
250 895       0.0176871797
250 610       0.0182116424
251 252      0.00724462376
251 253      0.00928673326
251 202       0.0108209889
251 678       0.0155036418
251 869       0.0160709342
251 587       0.0182687659
252 251      0.00724462376
252 253      0.00932246249
252 587       0.0111247592
252 869        0.014559117
252 678       0.0172301407
252 202       0.0180654303
253 251      0.00928673326
253 252      0.00932246249
253 250       0.0112809952
253 249       0.0114748668
253 976       0.0151521984
253 587       0.0158072475
254 255       0.0086795833
254 535          0.0129792
254 964       0.0135667121
254 735        0.015160984
254 659       0.0167890101
254 590       0.0193269526
255 254       0.0086795833
