0 90 CityGeoDa poly_id
1 67         846.698324
1 78         730.665211
1 52         720.086696
1 19          699.95192
1 68         476.517415
1 4         595.760889
1 26          518.03422
1 17         551.337494
2 51         931.883876
2 56          898.51887
2 53         762.870769
2 11         836.283034
2 69         692.110611
2 10          484.35873
2 3         390.779918
2 62         769.248429
3 53         787.544213
3 11         738.333314
3 66         658.286053
3 56          624.07188
3 51         554.712419
3 2         390.779918
3 69          307.12495
3 10         491.527167
4 17          926.93974
4 9         860.939427
4 68         629.512411
4 51         706.590384
4 52         397.605246
4 7         629.180309
4 1         595.760889
4 26         682.883609
5 2         1773.91133
5 52          1750.3111
5 4         1727.64606
5 83         1696.40557
5 7         1099.67789
5 54         917.514517
5 53         1032.65988
5 6         1334.66784
6 28         1535.53044
6 26         1490.37709
6 27         1436.23268
6 4         1372.44816
6 7         1044.85623
6 9         1020.65093
6 8         822.697973
6 5         1334.66784
7 68         1160.87526
7 9         1105.38427
7 5         1099.67789
7 51         935.810593
7 4         629.180309
7 6         1044.85623
7 52         741.518483
7 53         849.140066
8 31         1129.99528
8 26         1112.07834
8 27         826.236661
8 77         996.402023
8 6         822.697973
8 28         749.108985
8 9         596.757893
8 29         884.900692
9 6         1020.65093
9 1         1006.16991
9 28         732.468443
9 4         860.939427
9 26         531.516876
9 27         436.269785
9 8         596.757893
9 78         784.935431
10 13         757.196972
10 69         621.848013
10 55         631.563132
10 63         613.728239
10 56         549.004861
10 3         491.527167
10 11         356.941049
10 2          484.35873
11 88         627.719494
11 64         599.286353
11 56         399.765017
11 87         537.159776
11 13         405.700351
11 10         356.941049
11 55         345.656863
11 63         447.422702
12 88         828.414385
12 64         681.290255
12 49         815.872221
12 65         663.282645
12 14          670.33034
12 71         524.752027
12 89         571.391094
12 90         617.777298
13 64         414.407715
13 11         405.700351
13 89         335.045642
13 15         377.491683
13 55         252.627743
13 14         277.377872
13 88         233.952946
13 87         311.161434
14 55         490.832996
14 90         476.937492
14 64         424.155922
14 87         442.525774
14 13         277.377872
14 88         165.516384
14 89         134.255688
14 15          322.32105
15 89         456.560899
15 55         412.633584
15 14          322.32105
15 75         405.986267
15 76         211.175938
15 88         176.710527
15 87          248.14524
15 13         377.491683
16 75         591.590603
16 23         581.395063
16 76         330.304498
16 88         576.435383
16 15          459.57183
16 22         310.472454
16 70         287.762484
16 90         339.344019
17 36         671.453467
17 75         571.676355
17 23         473.972673
17 1         551.337494
17 68         332.495498
17 19         249.921406
17 74         411.788203
17 67         459.870214
18 84           987.9656
18 1         904.038441
18 27         962.895086
18 36         854.786426
18 78         540.750188
18 26         881.321456
18 32         429.747495
18 37         528.306958
19 67         649.306137
19 22         583.832995
19 75         568.577096
19 68         582.047064
19 74         489.416057
19 23         303.381951
19 17         249.921406
19 36         455.341952
20 33         1384.50769
20 31           1366.835
20 77         1369.43275
20 21          942.22818
20 30         760.276871
20 29         1084.00265
20 25         666.757239
20 24         910.021254
21 31          2287.2896
21 33         2178.55995
21 77         2119.42653
21 25          1479.3699
21 30          1666.3974
21 29         2019.10575
21 20          942.22818
21 24         933.356773
22 74         607.205357
22 15         573.170361
22 19         583.832995
22 70         545.058252
22 75         463.900738
22 23         286.428657
22 16         310.472454
22 76         365.402484
23 36         588.334802
23 16         581.395063
23 74          429.60163
23 76         487.179114
23 75         386.260331
23 19         303.381951
23 22         286.428657
23 17         473.972673
24 31         2114.67242
24 28         2110.98674
24 29         1635.22763
24 30         1586.03458
24 20         910.021254
24 77         1384.07421
24 21         933.356773
24 25         952.423818
25 8         1386.47553
25 31         1219.55121
25 77         702.833272
25 28         1164.17482
25 30         830.429693
25 29         686.601384
25 20         666.757239
25 24         952.423818
26 28         925.839137
26 18         881.321456
26 4         682.883609
26 32          770.20722
26 27          457.42812
26 9         531.516876
26 78         417.961839
26 1          518.03422
27 29         943.464647
27 8         826.236661
27 28         468.446823
27 31         646.803634
27 26          457.42812
27 9         436.269785
27 78         434.178678
27 32         644.144084
28 30         839.204197
28 32         809.596699
28 9         732.468443
28 78         793.996537
28 31         380.902711
28 27         468.446823
28 8         749.108985
28 29         477.632564
29 20         1084.00265
29 27         943.464647
29 77         848.843426
29 8         884.900692
29 30         614.236263
29 31         610.121242
29 28         477.632564
29 25         686.601384
30 27         1243.45865
30 32         1162.77478
30 20         760.276871
30 28         839.204197
30 29         614.236263
30 33          703.02065
30 31         622.035895
30 25         830.429693
31 9          1031.1758
31 78         763.472009
31 27         646.803634
31 30         622.035895
31 33         616.618222
31 28         380.902711
31 32         610.034772
31 29         610.121242
32 37          956.16023
32 28         809.596699
32 27         644.144084
32 26          770.20722
32 31         610.034772
32 18         429.747495
32 78         353.207381
32 33         722.955007
33 29         1107.02378
33 78         1055.13971
33 28         997.512846
33 18         996.621309
33 31         616.618222
33 32         722.955007
33 84         697.311342
33 30          703.02065
34 16         885.537954
34 38         873.875344
34 36         840.356192
34 70         816.503269
34 73         666.174791
34 40         676.975327
34 35         445.733372
34 22         801.991316
35 16          932.87857
35 38         775.601893
35 19          738.17746
35 22          706.54996
35 34         445.733372
35 23          702.30989
35 36         401.531517
35 37         651.386325
36 18         854.786426
36 34         840.356192
36 17         671.453467
36 22         751.676768
36 19         455.341952
36 23         588.334802
36 35         401.531517
36 37          495.40679
37 34          1048.7697
37 78         1023.81635
37 32          956.16023
37 19         915.398776
37 36          495.40679
37 38         702.967844
37 18         528.306958
37 35         651.386325
38 42         993.487883
38 40         960.292359
38 36         975.764926
38 39          952.91502
38 41         456.137375
38 34         873.875344
38 35         775.601893
38 37         702.967844
39 18         1343.02148
39 33         1292.18983
39 38          952.91502
39 37         1241.44424
39 41         828.643813
39 79         721.248823
39 84         595.581463
39 42         1169.57729
40 72         1155.40047
40 42         1044.36168
40 35          1050.5171
40 45         966.663859
40 38         960.292359
40 41         973.984633
40 34         676.975327
40 73         826.579455
41 34         1175.89636
41 37         1135.63225
41 43         1062.87825
41 79         896.169039
41 42         559.967827
41 40         973.984633
41 38         456.137375
41 39         828.643813
42 34         1508.50166
42 44          1288.9118
42 38         993.487883
42 39         1169.57729
42 40         1044.36168
42 43         544.993022
42 41         559.967827
42 79         823.542381
43 40         1521.92152
43 38         1515.33212
43 41         1062.87825
43 39         1432.58161
43 44         800.869495
43 79         818.110557
43 42         544.993022
43 80         1096.52445
44 39         2210.98303
44 45         2205.40071
44 79         1535.07841
44 40         2065.91532
44 43         800.869495
44 80         1050.68485
44 42          1288.9118
44 41         1841.23457
45 71         1473.52643
45 34         1450.44728
45 48         1333.59125
45 72         1246.39292
45 46          1253.0239
45 47         913.521766
45 40         966.663859
45 73         1053.55988
46 72         1316.89879
46 81         1287.47586
46 71         1215.56613
46 45          1253.0239
46 48         637.575118
46 49         1064.21331
46 47         607.618863
46 82         820.707054
47 49         1169.71252
47 45         913.521766
47 12         1156.22296
47 73         836.286449
47 46         607.618863
47 48         420.582273
47 71         751.548466
47 72         744.212138
48 73         1015.27053
48 82         1012.40047
48 12          828.56807
48 72         785.999232
48 46         637.575118
48 71         596.464197
48 49         757.776681
48 47         420.582273
49 46         1064.21331
49 85         1039.25225
49 71         1048.69133
49 48         757.776681
49 81         747.970506
49 12         815.872221
49 82         716.965597
49 86         717.829563
50 64         1242.30278
50 86         1030.75867
50 65         1002.76705
50 63         1021.95987
50 85         682.079602
50 60         763.111645
50 59         869.634857
50 58         999.191654
51 56         734.501392
51 4         706.590384
51 66         524.855506
51 3         554.712419
51 69         348.911066
51 67         452.076294
51 52          309.06928
51 68         524.473838
52 66         767.342401
52 7         741.518483
52 69         657.788685
52 1         720.086696
52 67         602.797737
52 51          309.06928
52 4         397.605246
52 68         447.633522
53 52         1032.83906
53 5         1032.65988
53 69          988.80095
53 7         849.140066
53 51         949.795025
53 3         787.544213
53 2         762.870769
53 54         799.211889
54 10         1709.88326
54 7           1489.278
54 2           1227.171
54 3          1453.3279
54 53         799.211889
54 83         807.849194
54 5         917.514517
54 62          1355.8687
55 14         490.832996
55 66         473.187028
55 15         412.633584
55 88         370.407248
55 56          231.03942
55 13         252.627743
55 87          192.90506
55 11         345.656863
56 67         549.694637
56 10         549.004861
56 69         446.923986
56 13         481.511431
56 87         333.337125
56 66         295.159354
56 55          231.03942
56 11         399.765017
57 65         1803.57074
57 82         1554.13865
57 81         1077.19291
57 49         1436.52418
57 50         1357.06595
57 86         864.830513
57 58         562.849622
57 85         1388.29682
58 65         1734.39368
58 49         1731.56114
58 81         1563.99744
58 60         1406.02393
58 50         999.191654
58 86         1031.90691
58 57         562.849622
58 85         1301.00977
59 61         1028.25603
59 2         975.926703
59 60         861.468055
59 11         935.493957
59 63          655.71014
59 62         575.288181
59 10         813.241249
59 50         869.634857
60 65          1633.2729
60 58         1406.02393
60 85         1411.77426
60 62         1078.84273
60 63         1404.72743
60 59         861.468055
60 61         531.508622
60 50         763.111645
61 10          1761.2466
61 2         1701.09859
61 83         1407.93688
61 63         1672.48543
61 62          934.07908
61 59         1028.25603
61 60         531.508622
61 50         1268.23664
62 3         1143.78093
62 83         1126.48395
62 63         1114.25703
62 60         1078.84273
62 61          934.07908
62 2         769.248429
62 59         575.288181
62 10         925.439554
63 89         754.810133
63 55         728.820646
63 59          655.71014
63 10         613.728239
63 65         558.941162
63 13         629.077649
63 11         447.422702
63 64         473.083116
64 55         648.123125
64 11         599.286353
64 14         424.155922
64 88         538.543686
64 63         473.083116
64 13         414.407715
64 65          316.31345
64 89          322.83176
65 88         840.131612
65 13         730.593331
65 12         663.282645
65 14         704.138856
65 63         558.941162
65 85         434.337078
65 64          316.31345
65 89          578.99267
66 51         524.855506
66 55         473.187028
66 69         372.130986
66 87         458.252569
66 67         254.911419
66 56         295.159354
66 74          360.58114
66 75         453.243355
67 56         549.694637
67 69         489.584726
67 75         473.528383
67 17         459.870214
67 51         452.076294
67 74         286.561632
67 66         254.911419
67 68         378.102297
68 4         629.512411
68 19         582.047064
68 51         524.473838
68 74         538.387585
68 17         332.495498
68 67         378.102297
68 52         447.633522
68 1         476.517415
69 55         677.682608
69 52         657.788685
69 67         489.584726
69 10         621.848013
69 51         348.911066
69 66         372.130986
69 3          307.12495
69 56         446.923986
70 15         692.420334
70 76         608.022283
70 72         439.823099
70 71          556.58519
70 73          591.01819
70 16         287.762484
70 90         295.297731
70 22         545.058252
71 16         797.843151
71 47         751.548466
71 73         679.332493
71 48         596.464197
71 90         525.512953
71 12         524.752027
71 72         352.186667
71 70          556.58519
72 12         858.140366
72 48         785.999232
72 90         599.591314
72 47         744.212138
72 73         328.833663
72 71         352.186667
72 70         439.823099
72 16         727.550208
73 16         848.629041
73 90         841.190182
73 71         679.332493
73 47         836.286449
73 72         328.833663
73 70          591.01819
73 34         666.174791
73 40         826.579455
74 87         515.827372
74 76         503.432317
74 19         489.416057
74 17         411.788203
74 66          360.58114
74 23          429.60163
74 75         206.295933
74 67         286.561632
75 67         473.528383
75 22         463.900738
75 23         386.260331
75 15         405.986267
75 66         453.243355
75 76         297.266002
75 74         206.295933
75 87         390.407751
76 74         503.432317
76 23         487.179114
76 87         384.766381
76 88         384.366564
76 15         211.175938
76 16         330.304498
76 75         297.266002
76 22         365.402484
77 31          1449.2528
77 24         1384.07421
77 20         1369.43275
77 28         1203.08805
77 30         1341.72107
77 29         848.843426
77 25         702.833272
77 8         996.402023
78 28         793.996537
78 31         763.472009
78 9         784.935431
78 1         730.665211
78 32         353.207381
78 27         434.178678
78 26         417.961839
78 18         540.750188
79 44         1535.07841
79 84         1299.60634
79 42         823.542381
79 38         1280.54977
79 41         896.169039
79 39         721.248823
79 43         818.110557
79 80         1222.39732
80 84         2454.02659
80 38         2422.85622
80 41         1979.75726
80 42         1588.69295
80 39           1920.679
80 79         1222.39732
80 43         1096.52445
80 44         1050.68485
81 12         1559.59864
81 85         1499.53458
81 46         1287.47586
81 48         1335.84266
81 82         482.376198
81 86         887.636982
81 49         747.970506
81 57         1077.19291
82 71         1542.65013
82 12          1481.0892
82 86         1195.65168
82 47         1278.35661
82 48         1012.40047
82 81         482.376198
82 46         820.707054
82 49         716.965597
83 3         1825.51485
83 5         1696.40557
83 61         1407.93688
83 59         1693.21511
83 53         1441.16005
83 62         1126.48395
83 54         807.849194
83 2          1472.5713
84 41         1286.16087
84 31         1252.46325
84 32         1015.55025
84 38         1206.52474
84 33         697.311342
84 39         595.581463
84 18           987.9656
84 37         1132.64746
85 49         1039.25225
85 89         1007.75239
85 12         926.922765
85 63          812.20346
85 50         682.079602
85 86         654.687969
85 65         434.337078
85 64         745.814982
86 12         1150.86844
86 50         1030.75867
86 58         1031.90691
86 65          1001.5082
86 57         864.830513
86 81         887.636982
86 49         717.829563
86 85         654.687969
87 14         442.525774
87 75         390.407751
87 76         384.766381
87 56         333.337125
87 88         283.793737
87 55          192.90506
87 15          248.14524
87 13         311.161434
88 90         526.855459
88 55         370.407248
88 76         384.366564
88 87         283.793737
88 13         233.952946
88 89         295.589511
88 14         165.516384
88 15         176.710527
89 12         571.391094
89 87         560.559147
89 64          322.83176
89 90         519.547121
89 13         335.045642
89 88         295.589511
89 14         134.255688
89 15         456.560899
90 76         527.046385
90 88         526.855459
90 89         519.547121
90 71         525.512953
90 16         339.344019
90 14         476.937492
90 70         295.297731
90 15         516.902789
