0 90 CityGeoDa PostCode
10434 10432         846.698324
10434 11257         730.665211
10434 10439         720.086696
10434 10683          699.95192
10434 10433         476.517415
10434 10440         595.760889
10434 11251          518.03422
10434 10682         551.337494
10435 10438         931.883876
10435 10552          898.51887
10435 10441         762.870769
10435 10554         836.283034
10435 10437         692.110611
10435 10553          484.35873
10435 10436         390.779918
10435 11854         769.248429
10436 10441         787.544213
10436 10554         738.333314
10436 10431         658.286053
10436 10552          624.07188
10436 10438         554.712419
10436 10435         390.779918
10436 10437          307.12495
10436 10553         491.527167
10440 10682          926.93974
10440 10446         860.939427
10440 10433         629.512411
10440 10438         706.590384
10440 10439         397.605246
10440 10444         629.180309
10440 10434         595.760889
10440 11251         682.883609
10442 10435         1773.91133
10442 10439          1750.3111
10442 10440         1727.64606
10442 11855         1696.40557
10442 10444         1099.67789
10442 10447         917.514517
10442 10441         1032.65988
10442 10443         1334.66784
10443 11253         1535.53044
10443 11251         1490.37709
10443 11252         1436.23268
10443 10440         1372.44816
10443 10444         1044.85623
10443 10446         1020.65093
10443 10445         822.697973
10443 10442         1334.66784
10444 10433         1160.87526
10444 10446         1105.38427
10444 10442         1099.67789
10444 10438         935.810593
10444 10440         629.180309
10444 10443         1044.85623
10444 10439         741.518483
10444 10441         849.140066
10445 11256         1129.99528
10445 11251         1112.07834
10445 11252         826.236661
10445 11145         996.402023
10445 10443         822.697973
10445 11253         749.108985
10445 10446         596.757893
10445 11254         884.900692
10446 10443         1020.65093
10446 10434         1006.16991
10446 11253         732.468443
10446 10440         860.939427
10446 11251         531.516876
10446 11252         436.269785
10446 10445         596.757893
10446 11257         784.935431
10553 10560         757.196972
10553 10437         621.848013
10553 10551         631.563132
10553 10555         613.728239
10553 10552         549.004861
10553 10436         491.527167
10553 10554         356.941049
10553 10435          484.35873
10554 10561         627.719494
10554 10556         599.286353
10554 10552         399.765017
10554 10559         537.159776
10554 10560         405.700351
10554 10553         356.941049
10554 10551         345.656863
10554 10555         447.422702
10557 10561         828.414385
10557 10556         681.290255
10557 11636         815.872221
10557 10558         663.282645
10557 10562          670.33034
10557 10674         524.752027
10557 10563         571.391094
10557 10671         617.777298
10560 10556         414.407715
10560 10554         405.700351
10560 10563         335.045642
10560 10564         377.491683
10560 10551         252.627743
10560 10562         277.377872
10560 10561         233.952946
10560 10559         311.161434
10562 10551         490.832996
10562 10671         476.937492
10562 10556         424.155922
10562 10559         442.525774
10562 10560         277.377872
10562 10561         165.516384
10562 10563         134.255688
10562 10564          322.32105
10564 10563         456.560899
10564 10551         412.633584
10564 10562          322.32105
10564 10678         405.986267
10564 10679         211.175938
10564 10561         176.710527
10564 10559          248.14524
10564 10560         377.491683
10672 10678         591.590603
10672 10681         581.395063
10672 10679         330.304498
10672 10561         576.435383
10672 10564          459.57183
10672 10680         310.472454
10672 10673         287.762484
10672 10671         339.344019
10682 11473         671.453467
10682 10678         571.676355
10682 10681         473.972673
10682 10434         551.337494
10682 10433         332.495498
10682 10683         249.921406
10682 10677         411.788203
10682 10432         459.870214
11362 11363           987.9656
11362 10434         904.038441
11362 11252         962.895086
11362 11473         854.786426
11362 11257         540.750188
11362 11251         881.321456
11362 11361         429.747495
11362 11474         528.306958
10683 10432         649.306137
10683 10680         583.832995
10683 10678         568.577096
10683 10433         582.047064
10683 10677         489.416057
10683 10681         303.381951
10683 10682         249.921406
10683 11473         455.341952
11141 11364         1384.50769
11141 11256           1366.835
11141 11145         1369.43275
11141 11142          942.22818
11141 11255         760.276871
11141 11254         1084.00265
11141 11144         666.757239
11141 11143         910.021254
11142 11256          2287.2896
11142 11364         2178.55995
11142 11145         2119.42653
11142 11144          1479.3699
11142 11255          1666.3974
11142 11254         2019.10575
11142 11141          942.22818
11142 11143         933.356773
10680 10677         607.205357
10680 10564         573.170361
10680 10683         583.832995
10680 10673         545.058252
10680 10678         463.900738
10680 10681         286.428657
10680 10672         310.472454
10680 10679         365.402484
10681 11473         588.334802
10681 10672         581.395063
10681 10677          429.60163
10681 10679         487.179114
10681 10678         386.260331
10681 10683         303.381951
10681 10680         286.428657
10681 10682         473.972673
11143 11256         2114.67242
11143 11253         2110.98674
11143 11254         1635.22763
11143 11255         1586.03458
11143 11141         910.021254
11143 11145         1384.07421
11143 11142         933.356773
11143 11144         952.423818
11144 10445         1386.47553
11144 11256         1219.55121
11144 11145         702.833272
11144 11253         1164.17482
11144 11255         830.429693
11144 11254         686.601384
11144 11141         666.757239
11144 11143         952.423818
11251 11253         925.839137
11251 11362         881.321456
11251 10440         682.883609
11251 11361          770.20722
11251 11252          457.42812
11251 10446         531.516876
11251 11257         417.961839
11251 10434          518.03422
11252 11254         943.464647
11252 10445         826.236661
11252 11253         468.446823
11252 11256         646.803634
11252 11251          457.42812
11252 10446         436.269785
11252 11257         434.178678
11252 11361         644.144084
11253 11255         839.204197
11253 11361         809.596699
11253 10446         732.468443
11253 11257         793.996537
11253 11256         380.902711
11253 11252         468.446823
11253 10445         749.108985
11253 11254         477.632564
11254 11141         1084.00265
11254 11252         943.464647
11254 11145         848.843426
11254 10445         884.900692
11254 11255         614.236263
11254 11256         610.121242
11254 11253         477.632564
11254 11144         686.601384
11255 11252         1243.45865
11255 11361         1162.77478
11255 11141         760.276871
11255 11253         839.204197
11255 11254         614.236263
11255 11364          703.02065
11255 11256         622.035895
11255 11144         830.429693
11256 10446          1031.1758
11256 11257         763.472009
11256 11252         646.803634
11256 11255         622.035895
11256 11364         616.618222
11256 11253         380.902711
11256 11361         610.034772
11256 11254         610.121242
11361 11474          956.16023
11361 11253         809.596699
11361 11252         644.144084
11361 11251          770.20722
11361 11256         610.034772
11361 11362         429.747495
11361 11257         353.207381
11361 11364         722.955007
11364 11254         1107.02378
11364 11257         1055.13971
11364 11253         997.512846
11364 11362         996.621309
11364 11256         616.618222
11364 11361         722.955007
11364 11363         697.311342
11364 11255          703.02065
11471 10672         885.537954
11471 11475         873.875344
11471 11473         840.356192
11471 10673         816.503269
11471 10676         666.174791
11471 11521         676.975327
11471 11472         445.733372
11471 10680         801.991316
11472 10672          932.87857
11472 11475         775.601893
11472 10683          738.17746
11472 10680          706.54996
11472 11471         445.733372
11472 10681          702.30989
11472 11473         401.531517
11472 11474         651.386325
11473 11362         854.786426
11473 11471         840.356192
11473 10682         671.453467
11473 10680         751.676768
11473 10683         455.341952
11473 10681         588.334802
11473 11472         401.531517
11473 11474          495.40679
11474 11471          1048.7697
11474 11257         1023.81635
11474 11361          956.16023
11474 10683         915.398776
11474 11473          495.40679
11474 11475         702.967844
11474 11362         528.306958
11474 11472         651.386325
11475 11523         993.487883
11475 11521         960.292359
11475 11473         975.764926
11475 11476          952.91502
11475 11522         456.137375
11475 11471         873.875344
11475 11472         775.601893
11475 11474         702.967844
11476 11362         1343.02148
11476 11364         1292.18983
11476 11475          952.91502
11476 11474         1241.44424
11476 11522         828.643813
11476 11524         721.248823
11476 11363         595.581463
11476 11523         1169.57729
11521 10675         1155.40047
11521 11523         1044.36168
11521 11472          1050.5171
11521 11528         966.663859
11521 11475         960.292359
11521 11522         973.984633
11521 11471         676.975327
11521 10676         826.579455
11522 11471         1175.89636
11522 11474         1135.63225
11522 11526         1062.87825
11522 11524         896.169039
11522 11523         559.967827
11522 11521         973.984633
11522 11475         456.137375
11522 11476         828.643813
11523 11471         1508.50166
11523 11527          1288.9118
11523 11475         993.487883
11523 11476         1169.57729
11523 11521         1044.36168
11523 11526         544.993022
11523 11522         559.967827
11523 11524         823.542381
11526 11521         1521.92152
11526 11475         1515.33212
11526 11522         1062.87825
11526 11476         1432.58161
11526 11527         800.869495
11526 11524         818.110557
11526 11523         544.993022
11526 11525         1096.52445
11527 11476         2210.98303
11527 11528         2205.40071
11527 11524         1535.07841
11527 11521         2065.91532
11527 11526         800.869495
11527 11525         1050.68485
11527 11523          1288.9118
11527 11522         1841.23457
11528 10674         1473.52643
11528 11471         1450.44728
11528 11635         1333.59125
11528 10675         1246.39292
11528 11633          1253.0239
11528 11634         913.521766
11528 11521         966.663859
11528 10676         1053.55988
11633 10675         1316.89879
11633 11631         1287.47586
11633 10674         1215.56613
11633 11528          1253.0239
11633 11635         637.575118
11633 11636         1064.21331
11633 11634         607.618863
11633 11632         820.707054
11634 11636         1169.71252
11634 11528         913.521766
11634 10557         1156.22296
11634 10676         836.286449
11634 11633         607.618863
11634 11635         420.582273
11634 10674         751.548466
11634 10675         744.212138
11635 10676         1015.27053
11635 11632         1012.40047
11635 10557          828.56807
11635 10675         785.999232
11635 11633         637.575118
11635 10674         596.464197
11635 11636         757.776681
11635 11634         420.582273
11636 11633         1064.21331
11636 11742         1039.25225
11636 10674         1048.69133
11636 11635         757.776681
11636 11631         747.970506
11636 10557         815.872221
11636 11632         716.965597
11636 11743         717.829563
11741 10556         1242.30278
11741 11743         1030.75867
11741 10558         1002.76705
11741 10555         1021.95987
11741 11742         682.079602
11741 11852         763.111645
11741 11851         869.634857
11741 11745         999.191654
10438 10552         734.501392
10438 10440         706.590384
10438 10431         524.855506
10438 10436         554.712419
10438 10437         348.911066
10438 10432         452.076294
10438 10439          309.06928
10438 10433         524.473838
10439 10431         767.342401
10439 10444         741.518483
10439 10437         657.788685
10439 10434         720.086696
10439 10432         602.797737
10439 10438          309.06928
10439 10440         397.605246
10439 10433         447.633522
10441 10439         1032.83906
10441 10442         1032.65988
10441 10437          988.80095
10441 10444         849.140066
10441 10438         949.795025
10441 10436         787.544213
10441 10435         762.870769
10441 10447         799.211889
10447 10553         1709.88326
10447 10444           1489.278
10447 10435           1227.171
10447 10436          1453.3279
10447 10441         799.211889
10447 11855         807.849194
10447 10442         917.514517
10447 11854          1355.8687
10551 10562         490.832996
10551 10431         473.187028
10551 10564         412.633584
10551 10561         370.407248
10551 10552          231.03942
10551 10560         252.627743
10551 10559          192.90506
10551 10554         345.656863
10552 10432         549.694637
10552 10553         549.004861
10552 10437         446.923986
10552 10560         481.511431
10552 10559         333.337125
10552 10431         295.159354
10552 10551          231.03942
10552 10554         399.765017
11744 10558         1803.57074
11744 11632         1554.13865
11744 11631         1077.19291
11744 11636         1436.52418
11744 11741         1357.06595
11744 11743         864.830513
11744 11745         562.849622
11744 11742         1388.29682
11745 10558         1734.39368
11745 11636         1731.56114
11745 11631         1563.99744
11745 11852         1406.02393
11745 11741         999.191654
11745 11743         1031.90691
11745 11744         562.849622
11745 11742         1301.00977
11851 11853         1028.25603
11851 10435         975.926703
11851 11852         861.468055
11851 10554         935.493957
11851 10555          655.71014
11851 11854         575.288181
11851 10553         813.241249
11851 11741         869.634857
11852 10558          1633.2729
11852 11745         1406.02393
11852 11742         1411.77426
11852 11854         1078.84273
11852 10555         1404.72743
11852 11851         861.468055
11852 11853         531.508622
11852 11741         763.111645
11853 10553          1761.2466
11853 10435         1701.09859
11853 11855         1407.93688
11853 10555         1672.48543
11853 11854          934.07908
11853 11851         1028.25603
11853 11852         531.508622
11853 11741         1268.23664
11854 10436         1143.78093
11854 11855         1126.48395
11854 10555         1114.25703
11854 11852         1078.84273
11854 11853          934.07908
11854 10435         769.248429
11854 11851         575.288181
11854 10553         925.439554
10555 10563         754.810133
10555 10551         728.820646
10555 11851          655.71014
10555 10553         613.728239
10555 10558         558.941162
10555 10560         629.077649
10555 10554         447.422702
10555 10556         473.083116
10556 10551         648.123125
10556 10554         599.286353
10556 10562         424.155922
10556 10561         538.543686
10556 10555         473.083116
10556 10560         414.407715
10556 10558          316.31345
10556 10563          322.83176
10558 10561         840.131612
10558 10560         730.593331
10558 10557         663.282645
10558 10562         704.138856
10558 10555         558.941162
10558 11742         434.337078
10558 10556          316.31345
10558 10563          578.99267
10431 10438         524.855506
10431 10551         473.187028
10431 10437         372.130986
10431 10559         458.252569
10431 10432         254.911419
10431 10552         295.159354
10431 10677          360.58114
10431 10678         453.243355
10432 10552         549.694637
10432 10437         489.584726
10432 10678         473.528383
10432 10682         459.870214
10432 10438         452.076294
10432 10677         286.561632
10432 10431         254.911419
10432 10433         378.102297
10433 10440         629.512411
10433 10683         582.047064
10433 10438         524.473838
10433 10677         538.387585
10433 10682         332.495498
10433 10432         378.102297
10433 10439         447.633522
10433 10434         476.517415
10437 10551         677.682608
10437 10439         657.788685
10437 10432         489.584726
10437 10553         621.848013
10437 10438         348.911066
10437 10431         372.130986
10437 10436          307.12495
10437 10552         446.923986
10673 10564         692.420334
10673 10679         608.022283
10673 10675         439.823099
10673 10674          556.58519
10673 10676          591.01819
10673 10672         287.762484
10673 10671         295.297731
10673 10680         545.058252
10674 10672         797.843151
10674 11634         751.548466
10674 10676         679.332493
10674 11635         596.464197
10674 10671         525.512953
10674 10557         524.752027
10674 10675         352.186667
10674 10673          556.58519
10675 10557         858.140366
10675 11635         785.999232
10675 10671         599.591314
10675 11634         744.212138
10675 10676         328.833663
10675 10674         352.186667
10675 10673         439.823099
10675 10672         727.550208
10676 10672         848.629041
10676 10671         841.190182
10676 10674         679.332493
10676 11634         836.286449
10676 10675         328.833663
10676 10673          591.01819
10676 11471         666.174791
10676 11521         826.579455
10677 10559         515.827372
10677 10679         503.432318
10677 10683         489.416057
10677 10682         411.788203
10677 10431          360.58114
10677 10681          429.60163
10677 10678         206.295933
10677 10432         286.561632
10678 10432         473.528383
10678 10680         463.900738
10678 10681         386.260331
10678 10564         405.986267
10678 10431         453.243355
10678 10679         297.266002
10678 10677         206.295933
10678 10559         390.407751
10679 10677         503.432318
10679 10681         487.179114
10679 10559         384.766381
10679 10561         384.366564
10679 10564         211.175938
10679 10672         330.304498
10679 10678         297.266002
10679 10680         365.402484
11145 11256          1449.2528
11145 11143         1384.07421
11145 11141         1369.43275
11145 11253         1203.08805
11145 11255         1341.72107
11145 11254         848.843426
11145 11144         702.833272
11145 10445         996.402023
11257 11253         793.996537
11257 11256         763.472009
11257 10446         784.935431
11257 10434         730.665211
11257 11361         353.207381
11257 11252         434.178678
11257 11251         417.961839
11257 11362         540.750188
11524 11527         1535.07841
11524 11363         1299.60634
11524 11523         823.542381
11524 11475         1280.54977
11524 11522         896.169039
11524 11476         721.248823
11524 11526         818.110557
11524 11525         1222.39732
11525 11363         2454.02659
11525 11475         2422.85622
11525 11522         1979.75726
11525 11523         1588.69295
11525 11476           1920.679
11525 11524         1222.39732
11525 11526         1096.52445
11525 11527         1050.68485
11631 10557         1559.59864
11631 11742         1499.53458
11631 11633         1287.47586
11631 11635         1335.84266
11631 11632         482.376198
11631 11743         887.636982
11631 11636         747.970506
11631 11744         1077.19291
11632 10674         1542.65013
11632 10557          1481.0892
11632 11743         1195.65168
11632 11634         1278.35661
11632 11635         1012.40047
11632 11631         482.376198
11632 11633         820.707054
11632 11636         716.965597
11855 10436         1825.51485
11855 10442         1696.40557
11855 11853         1407.93688
11855 11851         1693.21511
11855 10441         1441.16005
11855 11854         1126.48395
11855 10447         807.849194
11855 10435          1472.5713
11363 11522         1286.16087
11363 11256         1252.46325
11363 11361         1015.55025
11363 11475         1206.52474
11363 11364         697.311342
11363 11476         595.581463
11363 11362           987.9656
11363 11474         1132.64746
11742 11636         1039.25225
11742 10563         1007.75239
11742 10557         926.922765
11742 10555          812.20346
11742 11741         682.079602
11742 11743         654.687969
11742 10558         434.337078
11742 10556         745.814982
11743 10557         1150.86844
11743 11741         1030.75867
11743 11745         1031.90691
11743 10558          1001.5082
11743 11744         864.830513
11743 11631         887.636982
11743 11636         717.829563
11743 11742         654.687969
10559 10562         442.525774
10559 10678         390.407751
10559 10679         384.766381
10559 10552         333.337125
10559 10561         283.793737
10559 10551          192.90506
10559 10564          248.14524
10559 10560         311.161434
10561 10671         526.855459
10561 10551         370.407248
10561 10679         384.366564
10561 10559         283.793737
10561 10560         233.952946
10561 10563         295.589511
10561 10562         165.516384
10561 10564         176.710527
10563 10557         571.391094
10563 10559         560.559147
10563 10556          322.83176
10563 10671         519.547121
10563 10560         335.045642
10563 10561         295.589511
10563 10562         134.255688
10563 10564         456.560899
10671 10679         527.046385
10671 10561         526.855459
10671 10563         519.547121
10671 10674         525.512953
10671 10672         339.344019
10671 10562         476.937492
10671 10673         295.297731
10671 10564         516.902789
