0 90 CityGeoDa PostCode
10434 11362         904.038441
10434 11251          518.03422
10434 11257         730.665211
10434 11361         1031.78367
10434 10446         1006.16991
10434 11252         962.650794
10434 10677         933.692495
10434 10432         846.698324
10434 10683          699.95192
10434 10438          935.64665
10434 10681         993.282281
10434 10433         476.517415
10434 10682         551.337494
10434 10439         720.086696
10434 11473         886.183624
10434 10440         595.760889
10435 10553          484.35873
10435 10552          898.51887
10435 10436         390.779918
10435 10437         692.110611
10435 10438         931.883876
10435 10441         762.870769
10435 10431         1014.28245
10435 11851         975.926703
10435 11854         769.248429
10435 10554         836.283034
10436 10559         957.045566
10436 10553         491.527167
10436 10551         830.739683
10436 10552          624.07188
10436 10435         390.779918
10436 10677         1011.98934
10436 10437          307.12495
10436 10432         796.588414
10436 10438         554.712419
10436 10441         787.544213
10436 10431         658.286053
10436 10433         1039.80129
10436 10439         841.445996
10436 10554         738.333314
10436 10560         1050.56287
10440 11251         682.883609
10440 10446         860.939427
10440 10432         927.151873
10440 10438         706.590384
10440 10433         629.512411
10440 10682          926.93974
10440 10439         397.605246
10440 10434         595.760889
10440 10444         629.180309
10442 10441         1032.65988
10442 10447         917.514517
10443 10446         1020.65093
10443 10445         822.697973
10443 10444         1044.85623
10444 10443         1044.85623
10444 10438         935.810593
10444 10441         849.140066
10444 10439         741.518483
10444 10440         629.180309
10445 10446         596.757893
10445 11252         826.236661
10445 10443         822.697973
10445 11253         749.108985
10445 11145         996.402023
10445 11254         884.900692
10446 11251         531.516876
10446 11257         784.935431
10446 11252         436.269785
10446 10443         1020.65093
10446 10445         596.757893
10446 11253         732.468443
10446 11256          1031.1758
10446 10434         1006.16991
10446 10440         860.939427
10553 10559         817.353207
10553 10564         1042.93181
10553 10551         631.563132
10553 10552         549.004861
10553 10436         491.527167
10553 10435          484.35873
10553 10437         621.848013
10553 10432         1012.32727
10553 10438         964.563794
10553 10431         778.845029
10553 11851         813.241249
10553 10555         613.728239
10553 10556         925.985559
10553 10561         967.780165
10553 11854         925.439554
10553 10554         356.941049
10553 10560         757.196972
10553 10562         1033.02149
10554 10559         537.159776
10554 10553         356.941049
10554 10564         728.771788
10554 10551         345.656863
10554 10679         912.039318
10554 10552         399.765017
10554 10436         738.333314
10554 10435         836.283034
10554 10678         900.602791
10554 10677         957.879333
10554 10437         722.363535
10554 10432         948.489123
10554 10431         693.577971
10554 10558         853.765888
10554 11851         935.493957
10554 10555         447.422702
10554 10556         599.286353
10554 10563         703.928618
10554 10561         627.719494
10554 10560         405.700351
10554 10562         678.502199
10557 10564         941.532782
10557 10672         955.318685
10557 11742         926.922765
10557 10558         663.282645
10557 10556         681.290255
10557 11636         815.872221
10557 11635          828.56807
10557 10674         524.752027
10557 10671         617.777298
10557 10563         571.391094
10557 10561         828.414385
10557 10560         904.978238
10557 10673         849.807469
10557 10562          670.33034
10557 10675         858.140366
10560 10559         311.161434
10560 10553         757.196972
10560 10564         377.491683
10560 10551         252.627743
10560 10672         809.692885
10560 10679         586.001612
10560 10552         481.511431
10560 10680         950.314117
10560 10436         1050.56287
10560 10678         690.398523
10560 10677         826.983573
10560 10437         925.488516
10560 10432          940.23447
10560 10681         1036.57897
10560 10431         717.031478
10560 10558         730.593331
10560 10555         629.077649
10560 10556         414.407715
10560 10557         904.978238
10560 10671         738.452313
10560 10563         335.045642
10560 10561         233.952946
10560 10554         405.700351
10560 10673         989.955514
10560 10562         277.377872
10562 10559         442.525774
10562 10553         1033.02149
10562 10564          322.32105
10562 10551         490.832996
10562 10672         624.335232
10562 10679         510.577126
10562 10552         718.169052
10562 10680         839.028453
10562 10678         725.234415
10562 10677         906.409228
10562 10681         997.619138
10562 10431         899.945216
10562 10558         704.138856
10562 10555         808.890647
10562 10556         424.155922
10562 10557          670.33034
10562 10674         901.939057
10562 10671         476.937492
10562 10563         134.255688
10562 10561         165.516384
10562 10554         678.502199
10562 10560         277.377872
10562 10673         750.212875
10564 10559          248.14524
10564 10553         1042.93181
10564 10551         412.633584
10564 10672          459.57183
10564 10679         211.175938
10564 10552         581.471379
10564 10680         573.170361
10564 10678         405.986267
10564 10677         596.554494
10564 10437         991.410888
10564 10432         808.175678
10564 10683         942.594945
10564 10681         686.701034
10564 10431          666.28018
10564 10558         1015.45301
10564 10555         1006.40694
10564 10556         715.253189
10564 10557         941.532782
10564 10674         1034.37575
10564 10682          976.91749
10564 10671         516.902789
10564 10563         456.560899
10564 10561         176.710527
10564 10554         728.771788
10564 10560         377.491683
10564 10673         692.420334
10564 10562          322.32105
10672 10559         691.785591
10672 10564          459.57183
10672 10551         870.380282
10672 10679         330.304498
10672 10552          1014.8255
10672 10680         310.472454
10672 10678         591.590603
10672 10677         785.381151
10672 11472          932.87857
10672 10683          884.55583
10672 11471         885.537954
10672 10681         581.395063
10672 10431         1015.10002
10672 10556         1043.10367
10672 10557         955.318685
10672 10674         797.843151
10672 10682         1030.27353
10672 11473         1049.51204
10672 10671         339.344019
10672 10563         723.378719
10672 10561         576.435383
10672 10560         809.692885
10672 10673         287.762484
10672 10562         624.335232
10672 10676         848.629041
10672 10675         727.550208
10682 10559         926.822705
10682 10564          976.91749
10682 10672         1030.27353
10682 10679         833.338118
10682 10552         957.635891
10682 10680         756.786316
10682 10678         571.676355
10682 10677         411.788203
10682 10437         942.910759
10682 10432         459.870214
10682 11472         985.878411
10682 10683         249.921406
10682 10438         802.442626
10682 10681         473.972673
10682 10431         684.846323
10682 10433         332.495498
10682 10439         779.000861
10682 11473         671.453467
10682 10434         551.337494
10682 10440          926.93974
11362 11363           987.9656
11362 11251         881.321456
11362 11257         540.750188
11362 11361         429.747495
11362 11252         962.895086
11362 11256         1037.14121
11362 11364         996.621309
11362 11473         854.786426
11362 11474         528.306958
11362 10434         904.038441
10683 10559          957.54893
10683 10564         942.594945
10683 10672          884.55583
10683 10679         761.789759
10683 10680         583.832995
10683 10678         568.577096
10683 10677         489.416057
10683 10432         649.306137
10683 11472          738.17746
10683 10438         1038.48621
10683 10681         303.381951
10683 10431         831.049485
10683 10433         582.047064
10683 10682         249.921406
10683 10439         1028.91357
10683 11473         455.341952
10683 11474         915.398776
10683 10434          699.95192
11141 11255         760.276871
11141 11144         666.757239
11141 11143         910.021254
11141 11142          942.22818
11142 11141          942.22818
11142 11143         933.356773
10680 10559         734.719687
10680 10564         573.170361
10680 10551         927.624238
10680 10672         310.472454
10680 10679         365.402484
10680 10552         1006.67947
10680 10678         463.900738
10680 10677         607.205357
10680 10432         892.749808
10680 11472          706.54996
10680 10683         583.832995
10680 11471         801.991316
10680 10681         286.428657
10680 10431         916.668886
10680 10433         1047.17632
10680 10682         756.786316
10680 11473         751.676768
10680 10671         648.698011
10680 10563         959.014354
10680 10561         738.384603
10680 10560         950.314117
10680 10673         545.058252
10680 10562         839.028453
10680 10676         996.414201
10680 10675         963.273421
10681 10559         760.248239
10681 10564         686.701034
10681 10551         942.026958
10681 10672         581.395063
10681 10679         487.179114
10681 10552         953.469286
10681 10680         286.428657
10681 10678         386.260331
10681 10677          429.60163
10681 10432         690.732374
10681 11472          702.30989
10681 10683         303.381951
10681 11471         943.572096
10681 10431         784.890818
10681 10433         779.050925
10681 10682         473.972673
10681 11473         588.334802
10681 10671         908.625932
10681 10561         863.406679
10681 10560         1036.57897
10681 10673         831.258951
10681 10562         997.619138
10681 10434         993.282281
11143 11144         952.423818
11143 11141         910.021254
11143 11142         933.356773
11144 11145         702.833272
11144 11254         686.601384
11144 11255         830.429693
11144 11141         666.757239
11144 11143         952.423818
11251 11362         881.321456
11251 11257         417.961839
11251 11361          770.20722
11251 10446         531.516876
11251 11252          457.42812
11251 11253         925.839137
11251 11256         1050.03938
11251 10433         951.617516
11251 10439         1013.45187
11251 10434          518.03422
11251 10440         682.883609
11252 11362         962.895086
11252 11251          457.42812
11252 11257         434.178678
11252 11361         644.144084
11252 10446         436.269785
11252 10445         826.236661
11252 11253         468.446823
11252 11256         646.803634
11252 11254         943.464647
11252 10434         962.650794
11253 11251         925.839137
11253 11257         793.996537
11253 11361         809.596699
11253 10446         732.468443
11253 11252         468.446823
11253 10445         749.108985
11253 11256         380.902711
11253 11364         997.512846
11253 11254         477.632564
11253 11255         839.204197
11254 11252         943.464647
11254 10445         884.900692
11254 11253         477.632564
11254 11256         610.121242
11254 11145         848.843426
11254 11255         614.236263
11254 11144         686.601384
11255 11253         839.204197
11255 11256         622.035895
11255 11364          703.02065
11255 11254         614.236263
11255 11144         830.429693
11255 11141         760.276871
11256 11362         1037.14121
11256 11251         1050.03938
11256 11257         763.472009
11256 11361         610.034772
11256 10446          1031.1758
11256 11252         646.803634
11256 11253         380.902711
11256 11364         616.618222
11256 11254         610.121242
11256 11255         622.035895
11361 11363         1015.55025
11361 11362         429.747495
11361 11251          770.20722
11361 11257         353.207381
11361 11252         644.144084
11361 11253         809.596699
11361 11256         610.034772
11361 11364         722.955007
11361 11474          956.16023
11361 10434         1031.78367
11364 11363         697.311342
11364 11362         996.621309
11364 11361         722.955007
11364 11253         997.512846
11364 11256         616.618222
11364 11255          703.02065
11471 10672         885.537954
11471 10680         801.991316
11471 11521         676.975327
11471 11472         445.733372
11471 10681         943.572096
11471 11473         840.356192
11471 11475         873.875344
11471 10673         816.503269
11471 10676         666.174791
11471 10675         906.395101
11471 11474          1048.7697
11472 10672          932.87857
11472 10680          706.54996
11472 11521          1050.5171
11472 10683          738.17746
11472 11471         445.733372
11472 10681          702.30989
11472 10682         985.878411
11472 11473         401.531517
11472 11475         775.601893
11472 10673         1000.30884
11472 11474         651.386325
11473 10672         1049.51204
11473 10680         751.676768
11473 11362         854.786426
11473 10678          960.71267
11473 10677         930.524966
11473 11472         401.531517
11473 10683         455.341952
11473 11471         840.356192
11473 10681         588.334802
11473 10433         976.839592
11473 10682         671.453467
11473 11475         975.764926
11473 11474          495.40679
11473 10434         886.183624
11474 11362         528.306958
11474 11257         1023.81635
11474 11361          956.16023
11474 11472         651.386325
11474 10683         915.398776
11474 11471          1048.7697
11474 11473          495.40679
11474 11475         702.967844
11475 11476          952.91502
11475 11521         960.292359
11475 11472         775.601893
11475 11471         873.875344
11475 11473         975.764926
11475 11523         993.487883
11475 11522         456.137375
11475 11474         702.967844
11476 11363         595.581463
11476 11524         721.248823
11476 11475          952.91502
11476 11522         828.643813
11521 11472          1050.5171
11521 11471         676.975327
11521 11528         966.663859
11521 11523         1044.36168
11521 11475         960.292359
11521 11522         973.984633
11521 10676         826.579455
11522 11524         896.169039
11522 11476         828.643813
11522 11521         973.984633
11522 11523         559.967827
11522 11475         456.137375
11523 11524         823.542381
11523 11521         1044.36168
11523 11475         993.487883
11523 11522         559.967827
11523 11526         544.993022
11526 11524         818.110557
11526 11527         800.869495
11526 11523         544.993022
11527 11525         1050.68485
11527 11526         800.869495
11528 11521         966.663859
11528 11634         913.521766
11633 11632         820.707054
11633 11635         637.575118
11633 11634         607.618863
11634 11633         607.618863
11634 11635         420.582273
11634 10674         751.548466
11634 11528         913.521766
11634 10676         836.286449
11634 10675         744.212138
11635 11632         1012.40047
11635 11636         757.776681
11635 10557          828.56807
11635 11633         637.575118
11635 10674         596.464197
11635 11634         420.582273
11635 10676         1015.27053
11635 10675         785.999232
11636 11743         717.829563
11636 11632         716.965597
11636 11631         747.970506
11636 11742         1039.25225
11636 10557         815.872221
11636 11635         757.776681
11636 10674         1048.69133
11741 11743         1030.75867
11741 11745         999.191654
11741 11742         682.079602
11741 10558         1002.76705
11741 11852         763.111645
11741 11851         869.634857
11741 10555         1021.95987
10438 10559         980.339328
10438 10553         964.563794
10438 10551         958.382205
10438 10552         734.501392
10438 10436         554.712419
10438 10435         931.883876
10438 10678         913.203208
10438 10677         737.918094
10438 10437         348.911066
10438 10432         452.076294
10438 10683         1038.48621
10438 10441         949.795025
10438 10431         524.855506
10438 10433         524.473838
10438 10682         802.442626
10438 10439          309.06928
10438 10434          935.64665
10438 10440         706.590384
10438 10444         935.810593
10439 10552         1016.75015
10439 10436         841.445996
10439 11251         1013.45187
10439 10677         871.315515
10439 10437         657.788685
10439 10432         602.797737
10439 10683         1028.91357
10439 10438          309.06928
10439 10441         1032.83906
10439 10431         767.342401
10439 10433         447.633522
10439 10682         779.000861
10439 10434         720.086696
10439 10440         397.605246
10439 10444         741.518483
10441 10436         787.544213
10441 10435         762.870769
10441 10437          988.80095
10441 10438         949.795025
10441 10447         799.211889
10441 10439         1032.83906
10441 10444         849.140066
10441 10442         1032.65988
10447 11855         807.849194
10447 10441         799.211889
10447 10442         917.514517
10551 10559          192.90506
10551 10553         631.563132
10551 10564         412.633584
10551 10672         870.380282
10551 10679         575.088429
10551 10552          231.03942
10551 10680         927.624238
10551 10436         830.739683
10551 10678         561.331117
10551 10677         646.913613
10551 10437         677.682608
10551 10432         709.846337
10551 10438         958.382205
10551 10681         942.026958
10551 10431         473.187028
10551 10558          959.15511
10551 10555         728.820646
10551 10556         648.123125
10551 10671         892.409839
10551 10563         577.616188
10551 10561         370.407248
10551 10554         345.656863
10551 10560         252.627743
10551 10562         490.832996
10552 10559         333.337125
10552 10553         549.004861
10552 10564         581.471379
10552 10551          231.03942
10552 10672          1014.8255
10552 10679         692.256795
10552 10680         1006.67947
10552 10436          624.07188
10552 10435          898.51887
10552 10678         571.356192
10552 10677         578.821019
10552 10437         446.923986
10552 10432         549.694637
10552 10438         734.501392
10552 10681         953.469286
10552 10431         295.159354
10552 10555         842.799832
10552 10556         858.379502
10552 10433         925.390017
10552 10682         957.635891
10552 10439         1016.75015
10552 10563         808.605661
10552 10561         584.849296
10552 10554         399.765017
10552 10560         481.511431
10552 10562         718.169052
11744 11743         864.830513
11744 11745         562.849622
11745 11743         1031.90691
11745 11741         999.191654
11745 11744         562.849622
11851 10553         813.241249
11851 10435         975.926703
11851 11741         869.634857
11851 11852         861.468055
11851 11853         1028.25603
11851 10555          655.71014
11851 11854         575.288181
11851 10554         935.493957
11852 11741         763.111645
11852 11853         531.508622
11852 11851         861.468055
11853 11852         531.508622
11853 11851         1028.25603
11853 11854          934.07908
11854 10553         925.439554
11854 10435         769.248429
11854 11853          934.07908
11854 11851         575.288181
10555 10559         893.341414
10555 10553         613.728239
10555 10564         1006.40694
10555 10551         728.820646
10555 10552         842.799832
10555 11741         1021.95987
10555 11742          812.20346
10555 10558         558.941162
10555 11851          655.71014
10555 10556         473.083116
10555 10563         754.810133
10555 10561         850.410757
10555 10554         447.422702
10555 10560         629.077649
10555 10562         808.890647
10556 10559         722.832237
10556 10553         925.985559
10556 10564         715.253189
10556 10551         648.123125
10556 10672         1043.10367
10556 10679          920.60081
10556 10552         858.379502
10556 11742         745.814982
10556 10558          316.31345
10556 10555         473.083116
10556 10557         681.290255
10556 10671         834.625666
10556 10563          322.83176
10556 10561         538.543686
10556 10554         599.286353
10556 10560         414.407715
10556 10562         424.155922
10558 10559         1038.99094
10558 10564         1015.45301
10558 10551          959.15511
10558 11743          1001.5082
10558 11741         1002.76705
10558 11742         434.337078
10558 10555         558.941162
10558 10556          316.31345
10558 10557         663.282645
10558 10671         1029.88385
10558 10563          578.99267
10558 10561         840.131612
10558 10554         853.765888
10558 10560         730.593331
10558 10562         704.138856
10431 10559         458.252569
10431 10553         778.845029
10431 10564          666.28018
10431 10551         473.187028
10431 10672         1015.10002
10431 10679         687.930649
10431 10552         295.159354
10431 10680         916.668886
10431 10436         658.286053
10431 10435         1014.28245
10431 10678         453.243355
10431 10677          360.58114
10431 10437         372.130986
10431 10432         254.911419
10431 10683         831.049485
10431 10438         524.855506
10431 10681         784.890818
10431 10433         630.370036
10431 10682         684.846323
10431 10439         767.342401
10431 10563         1013.01305
10431 10561         741.857588
10431 10554         693.577971
10431 10560         717.031478
10431 10562         899.945216
10432 10559         650.078188
10432 10553         1012.32727
10432 10564         808.175678
10432 10551         709.846337
10432 10679         763.318495
10432 10552         549.694637
10432 10680         892.749808
10432 10436         796.588414
10432 10678         473.528383
10432 10677         286.561632
10432 10437         489.584726
10432 10683         649.306137
10432 10438         452.076294
10432 10681         690.732374
10432 10431         254.911419
10432 10433         378.102297
10432 10682         459.870214
10432 10439         602.797737
10432 10561         921.456752
10432 10554         948.489123
10432 10560          940.23447
10432 10434         846.698324
10432 10440         927.151873
10433 10559         1009.92318
10433 10679         1037.03426
10433 10552         925.390017
10433 10680         1047.17632
10433 10436         1039.80129
10433 11251         951.617516
10433 10678         742.663865
10433 10677         538.387585
10433 10437         757.424918
10433 10432         378.102297
10433 10683         582.047064
10433 10438         524.473838
10433 10681         779.050925
10433 10431         630.370036
10433 10682         332.495498
10433 10439         447.633522
10433 11473         976.839592
10433 10434         476.517415
10433 10440         629.512411
10437 10559         752.858771
10437 10553         621.848013
10437 10564         991.410888
10437 10551         677.682608
10437 10679         1047.79433
10437 10552         446.923986
10437 10436          307.12495
10437 10435         692.110611
10437 10678         825.365971
10437 10677         712.661827
10437 10432         489.584726
10437 10438         348.911066
10437 10441          988.80095
10437 10431         372.130986
10437 10433         757.424918
10437 10682         942.910759
10437 10439         657.788685
10437 10561         1024.56836
10437 10554         722.363535
10437 10560         925.488516
10673 10559         938.647059
10673 10564         692.420334
10673 10672         287.762484
10673 10679         608.022283
10673 10680         545.058252
10673 10678         879.199407
10673 11472         1000.30884
10673 11471         816.503269
10673 10681         831.258951
10673 10557         849.807469
10673 10674          556.58519
10673 10671         295.297731
10673 10563         809.590258
10673 10561         761.276516
10673 10560         989.955514
10673 10562         750.212875
10673 10676          591.01819
10673 10675         439.823099
10674 10564         1034.37575
10674 10672         797.843151
10674 10679         1049.26173
10674 11636         1048.69133
10674 10557         524.752027
10674 11635         596.464197
10674 11634         751.548466
10674 10671         525.512953
10674 10563         873.908683
10674 10561         1007.17085
10674 10673          556.58519
10674 10562         901.939057
10674 10676         679.332493
10674 10675         352.186667
10675 10672         727.550208
10675 10679         1042.02242
10675 10680         963.273421
10675 11471         906.395101
10675 10557         858.140366
10675 11635         785.999232
10675 10674         352.186667
10675 11634         744.212138
10675 10671         599.591314
10675 10673         439.823099
10675 10676         328.833663
10676 10672         848.629041
10676 10680         996.414201
10676 11521         826.579455
10676 11471         666.174791
10676 11635         1015.27053
10676 10674         679.332493
10676 11634         836.286449
10676 10671         841.190182
10676 10673          591.01819
10676 10675         328.833663
10677 10559         515.827372
10677 10564         596.554494
10677 10551         646.913613
10677 10672         785.381151
10677 10679         503.432318
10677 10552         578.821019
10677 10680         607.205357
10677 10436         1011.98934
10677 10678         206.295933
10677 10437         712.661827
10677 10432         286.561632
10677 10683         489.416057
10677 10438         737.918094
10677 10681          429.60163
10677 10431          360.58114
10677 10433         538.387585
10677 10682         411.788203
10677 10439         871.315515
10677 11473         930.524966
10677 10671         1030.39846
10677 10563         1038.17417
10677 10561          742.59152
10677 10554         957.879333
10677 10560         826.983573
10677 10562         906.409228
10677 10434         933.692495
10678 10559         390.407751
10678 10564         405.986267
10678 10551         561.331117
10678 10672         591.590603
10678 10679         297.266002
10678 10552         571.356192
10678 10680         463.900738
10678 10677         206.295933
10678 10437         825.365971
10678 10432         473.528383
10678 10683         568.577096
10678 10438         913.203208
10678 10681         386.260331
10678 10431         453.243355
10678 10433         742.663865
10678 10682         571.676355
10678 11473          960.71267
10678 10671         824.308892
10678 10563         859.082144
10678 10561         566.422342
10678 10554         900.602791
10678 10560         690.398523
10678 10673         879.199407
10678 10562         725.234415
10679 10559         384.766381
10679 10564         211.175938
10679 10551         575.088429
10679 10672         330.304498
10679 10552         692.256795
10679 10680         365.402484
10679 10678         297.266002
10679 10677         503.432318
10679 10437         1047.79433
10679 10432         763.318495
10679 10683         761.789759
10679 10681         487.179114
10679 10431         687.930649
10679 10556          920.60081
10679 10674         1049.26173
10679 10433         1037.03426
10679 10682         833.338118
10679 10671         527.046385
10679 10563         641.394415
10679 10561         384.366564
10679 10554         912.039318
10679 10560         586.001612
10679 10673         608.022283
10679 10562         510.577126
10679 10675         1042.02242
11145 10445         996.402023
11145 11254         848.843426
11145 11144         702.833272
11257 11362         540.750188
11257 11251         417.961839
11257 11361         353.207381
11257 10446         784.935431
11257 11252         434.178678
11257 11253         793.996537
11257 11256         763.472009
11257 11474         1023.81635
11257 10434         730.665211
11524 11476         721.248823
11524 11523         823.542381
11524 11522         896.169039
11524 11526         818.110557
11525 11527         1050.68485
11631 11743         887.636982
11631 11632         482.376198
11631 11636         747.970506
11632 11631         482.376198
11632 11636         716.965597
11632 11633         820.707054
11632 11635         1012.40047
11855 10447         807.849194
11363 11362           987.9656
11363 11476         595.581463
11363 11361         1015.55025
11363 11364         697.311342
11742 11743         654.687969
11742 11741         682.079602
11742 10558         434.337078
11742 10555          812.20346
11742 10556         745.814982
11742 11636         1039.25225
11742 10557         926.922765
11742 10563         1007.75239
11743 11741         1030.75867
11743 11631         887.636982
11743 11744         864.830513
11743 11745         1031.90691
11743 11742         654.687969
11743 10558          1001.5082
11743 11636         717.829563
10559 10553         817.353207
10559 10564          248.14524
10559 10551          192.90506
10559 10672         691.785591
10559 10679         384.766381
10559 10552         333.337125
10559 10680         734.719687
10559 10436         957.045566
10559 10678         390.407751
10559 10677         515.827372
10559 10437         752.858771
10559 10432         650.078188
10559 10683          957.54893
10559 10438         980.339328
10559 10681         760.248239
10559 10431         458.252569
10559 10558         1038.99094
10559 10555         893.341414
10559 10556         722.832237
10559 10433         1009.92318
10559 10682         926.822705
10559 10671         759.623542
10559 10563         560.559147
10559 10561         283.793737
10559 10554         537.159776
10559 10560         311.161434
10559 10673         938.647059
10559 10562         442.525774
10561 10559         283.793737
10561 10553         967.780165
10561 10564         176.710527
10561 10551         370.407248
10561 10672         576.435383
10561 10679         384.366564
10561 10552         584.849296
10561 10680         738.384603
10561 10678         566.422342
10561 10677          742.59152
10561 10437         1024.56836
10561 10432         921.456752
10561 10681         863.406679
10561 10431         741.857588
10561 10558         840.131612
10561 10555         850.410757
10561 10556         538.543686
10561 10557         828.414385
10561 10674         1007.17085
10561 10671         526.855459
10561 10563         295.589511
10561 10554         627.719494
10561 10560         233.952946
10561 10673         761.276516
10561 10562         165.516384
10563 10559         560.559147
10563 10564         456.560899
10563 10551         577.616188
10563 10672         723.378719
10563 10679         641.394415
10563 10552         808.605661
10563 10680         959.014354
10563 10678         859.082144
10563 10677         1038.17417
10563 10431         1013.01305
10563 11742         1007.75239
10563 10558          578.99267
10563 10555         754.810133
10563 10556          322.83176
10563 10557         571.391094
10563 10674         873.908683
10563 10671         519.547121
10563 10561         295.589511
10563 10554         703.928618
10563 10560         335.045642
10563 10673         809.590258
10563 10562         134.255688
10671 10559         759.623542
10671 10564         516.902789
10671 10551         892.409839
10671 10672         339.344019
10671 10679         527.046385
10671 10680         648.698011
10671 10678         824.308892
10671 10677         1030.39846
10671 10681         908.625932
10671 10558         1029.88385
10671 10556         834.625666
10671 10557         617.777298
10671 10674         525.512953
10671 10563         519.547121
10671 10561         526.855459
10671 10560         738.452313
10671 10673         295.297731
10671 10562         476.937492
10671 10676         841.190182
10671 10675         599.591314
