90
1 0 .000535664456285 .00067402263747 .001678525762501 .000430489673892 .000545612724366 .000816366901058 .000624080055568 .000993867920574 .00054835514367 .000557116471074 .000409300094812 .000571012934556 .000544141966857 .000657331239823 .000637158898338 .001813771076358 .001106147652944 .001428669556815 .000351036669853 .000265209101377 .000781753191953 .001006763151861 .000282886807871 .000386168011964 .001930374408186 .001038798291817 .000701559969685 .000525499468242 .000475230180792 .000673876398735 .000969195416267 .000569950270417 .00058594163374 .000778961793964 .001128434303499 .00093653520277 .0005705975033 .000451499872523 .000428702918725 .000454824442803 .000364161249411 .000306646669044 .000247836533037 .000317447719795 .000282111809918 .000336295790056 .000337933305097 .000306967524484 .000306672883556 .001068779543667 .001388721671602 .000573471938247 .000394684129912 .000648469920498 .000716134345077 .000233421875359 .000239429850875 .000379270956499 .000285899328201 .000282226349635 .000380612452138 .000446611980445 .000461881778918 .000403006285199 .000907852282776 .001181058202469 .002098559189745 .000819873245873 .000548176382838 .000422565876917 .00044797872059 .000454977905853 .001071016426791 .000896464159724 .00072225335481 .000398748160317 .001368615864841 .000350388926945 .000245578769527 .000249825784647 .000257753263843 .000316980064552 .000528885336214 .000344023476127 .000289458988392 .000693199393275 .000596941321976 .000507484532928 .000531443378491
2 .000535664456285 0 .002558985130954 .000641842585106 .000563726033633 .000405405485372 .000692163455578 .000350817802924 .00041789003014 .002064585477633 .00119576741254 .00048233716557 .000817220277997 .000666212663838 .000683522563578 .000523448219849 .000611614081669 .000364243353499 .000547701199599 .000218768355609 .000181400963617 .000527435159647 .00055625762231 .000195714740802 .000239959792938 .000452397559081 .0003797492461 .000324776329438 .000284286649612 .00025815394989 .000306796120857 .000345752468805 .000276686205691 .000370765463809 .000400292648576 .000438375588435 .000368000390419 .000308507083285 .000252686641644 .000298450627837 .000271300137153 .000240988535348 .00021301221834 .000186024188141 .000264350791192 .000284224492425 .000317261502667 .00034585771771 .000367775359509 .000549792327784 .001073095077788 .000835254821555 .001310838009146 .000814882359895 .000947363037369 .00111294268144 .000319714426657 .000354875132288 .001024667115456 .000567184456686 .000587855403546 .001299970156368 .000950226592248 .000709968781636 .000625207479051 .000985918670319 .000847478828894 .000699479952925 .001444855756473 .000464012617476 .000416230310716 .000393267538828 .000364204901579 .000727491339944 .000694071591424 .000628677175041 .000260284168365 .000389837850817 .000222259086168 .000176558740499 .000300888567883 .000291067741826 .000679084265697 .000268248336786 .000541330375952 .000399737847876 .00081982586146 .000705693920861 .000649780620957 .000514454287243
3 .00067402263747 .002558985130954 0 .000817200143618 .0005519455073 .000438292123408 .000808450025972 .000388684483803 .00048119041289 .002034475542143 .00135440184056 .000512846469849 .000951870689925 .000759529019127 .000829914640832 .000615161197453 .000801640189685 .000424422498519 .000691832082695 .0002364665611 .000193479408637 .000637568586506 .000694088645779 .000208309955873 .000259581112042 .000540266145298 .000437518673246 .000364920285698 .000313449486154 .000284175910181 .000344732245941 .000397961912492 .000309062001065 .00042336391607 .000468385085769 .000526216770137 .000429281669893 .000348831896662 .000280220300012 .000330378319246 .000301694811511 .000263890196917 .000230726018763 .000198835889141 .000283847159106 .000296345221054 .000338101861841 .000365193841089 .000374757895183 .000497047136252 .001802735913346 .001188430398524 .001269769981209 .000688075968145 .001203746517342 .001602379520144 .000307150903846 .000332994445379 .000809243921486 .00048225465461 .000484207450205 .000874293300379 .000911274021023 .000748376604534 .000630408046634 .001519096441155 .001255353433343 .00096172221899 .003256003787401 .000529139213098 .000453061655124 .000434415973069 .000404338414309 .000988152704942 .000904790157888 .000771267953885 .000280181712309 .000456311311791 .00024285845879 .00018905441811 .000300752316565 .000295671774118 .000547790667475 .000299613919019 .000524178978329 .000391303531452 .001044882328729 .00083321904455 .000722109726005 .000583596433241
4 .001678525762501 .000641842585106 .000817200143618 0 .000578822262824 .000728624970284 .001589369510202 .000714461303528 .001161521901157 .000599445568285 .000568742042793 .000374390868228 .000540739889765 .00049683600107 .000577475116811 .000521210454178 .001078818780542 .000695828888504 .000864061315104 .000331883406261 .000252867711038 .000597891417158 .000715770273227 .00027933244288 .000380205467861 .001464378390395 .000927792006655 .000657312606972 .000508455544066 .000430854984361 .000583437335677 .000696473582027 .000468934936881 .000447161868074 .000544164745613 .000688115614791 .000601534394589 .000425902568814 .000360255581312 .000346417477831 .000357859293348 .000299274417364 .000259286201104 .000215967517689 .000273671783884 .000255569068661 .000296371615695 .00030324086602 .000287356147126 .000313452066374 .001415247111498 .002515057361077 .000806857414251 .000500055724073 .000623410449286 .000714475319461 .00023028580239 .000240465973516 .000407071496313 .000303309781544 .000306989812445 .000430381471069 .000454848972692 .000444107595057 .00039078399138 .000883104534673 .001078571945664 .00158853103316 .000947516822381 .000454782245695 .000370042267963 .000379964598417 .00037683170915 .000865888688854 .000734657762238 .000603079796833 .000418816099385 .000922056345726 .000291206777404 .000214827548965 .000237697296393 .000241094537029 .000373229953683 .000417064453392 .000338373746017 .000280922787921 .000635416404965 .000540997618528 .000468541396555 .000457712246275
5 .000430489673892 .000563726033633 .0005519455073 .000578822262824 0 .000749250090733 .000909357194149 .00047513983087 .000493546005421 .000449050601764 .000393799433223 .000265855410992 .000349713918323 .000320647156997 .000337949833152 .000301509891951 .000395378473318 .000319859453012 .000359830349852 .000247463382146 .000202636447415 .000316212294184 .000340493095056 .000233640279066 .000289197695623 .000441401728157 .000407979331041 .000368272705386 .000335223822766 .000282806042397 .000327694660741 .000331449378513 .00027679022447 .000258873100636 .000285030644394 .00031762011707 .000294980204375 .000245535412667 .000223826281392 .000220479377771 .000221179641611 .0001974121127 .000179086929376 .00015737812379 .000192419585302 .000193127791841 .000211331016473 .000220241713157 .000223792054695 .000284382459681 .000549647595813 .00057132700459 .000968373052655 .001089901011897 .000380520005546 .000415922741777 .000205648345656 .000222438897509 .000377775475168 .0003097361145 .000342598640233 .000460401806772 .00035408770531 .000318675334962 .000297492759674 .000433403046953 .000440476236838 .000455124508212 .000507946389007 .000277697805976 .000250650702742 .00024780695395 .00024102307125 .000391122871312 .000366273335377 .00033402245179 .000345262728139 .000373724825 .000194315721428 .000157018960858 .000196278924803 .000192874840543 .000589481676853 .000248166431809 .000276203754738 .00023395667016 .000367451516003 .000334575887597 .000313041134581 .000287705770399
6 .000545612724366 .000405405485372 .000438292123408 .000728624970284 .000749250090733 0 .000957069474117 .001215512900962 .00097976689972 .000360608201193 .000336635578469 .00024915557618 .000317466164408 .000298895997643 .000324212022172 .000303854081892 .000437296455337 .000427599475352 .000399966133709 .000366578931164 .000277295356818 .000328895799727 .000362241182497 .000339055344323 .000470094844126 .000670971129486 .00069626601109 .000651240754764 .0005870354912 .000435931105104 .000523714843623 .000481109644464 .00039706228374 .000282554516355 .000321445250277 .000369019878332 .000362549716731 .000289266798975 .000278414370387 .000240794008001 .000258969291957 .000226180719574 .000204632331256 .00017588345922 .000200713092373 .000189218299746 .000210731457423 .000214247834497 .000207870524408 .000233896211309 .000515611207538 .000594668525952 .000562584340493 .000465472456032 .000345116026223 .000374038607418 .000180610853788 .000189635938491 .00029049233809 .000238841481519 .000250567432853 .000321181885314 .000296452178394 .000283453829064 .000261983358527 .000408789435557 .000439223162498 .000499529240303 .000443799682174 .000280051746403 .000245512882237 .000249862255551 .000249407247317 .00039637502323 .000366462224473 .000330464481865 .00063768396628 .000554241528936 .000232090085948 .000181540746643 .000181135222314 .000181996635767 .000338271781542 .000326250252191 .000239479702902 .000207818171926 .000344451157347 .000313950625661 .000289115929753 .000281445421449
7 .000816366901058 .000692163455578 .000808450025972 .001589369510202 .000909357194149 .000957069474117 0 .000693181081505 .000904662776784 .000578549566517 .000517640222089 .000330672006829 .000467728636169 .000424814685911 .00047148063179 .000417250533845 .000671373449928 .000490764134944 .000576424892239 .000303515048229 .000236389091308 .000456482760531 .000516698054431 .000268127548969 .000355756894092 .000832188861522 .000677827766456 .000544113624934 .000452154916574 .000373673860001 .000472503192278 .000507585086369 .000381707732177 .000353966961294 .000409060706247 .000483079538636 .000436496259268 .000335912913601 .000295800377059 .000286747832644 .000292094597238 .0002518655976 .000222925156705 .000190140168381 .0002373490986 .00022945830942 .000259491875368 .000268282508625 .000262826240568 .00030887449624 .00106859230664 .001348584051197 .001177662014207 .000671466309021 .000530272488548 .000603561016083 .000222622328411 .000236201454758 .00041354716664 .000312903883327 .000327182695005 .000466762433322 .000429393241005 .000399860839645 .000359379470694 .000685124826764 .000748568600923 .000861418995085 .000818054928921 .000372575065722 .000318131335874 .000320133917359 .000313807029241 .00062061186055 .000552932311648 .000476458185882 .000413793625765 .000617527811028 .000246845324088 .000189636967971 .000222183006543 .000222153728178 .000445990184219 .000336891520589 .00031915342756 .000265050252052 .000521886283956 .00045458358956 .000406751825182 .000381993748059
8 .000624080055568 .000350817802924 .000388684483803 .000714461303528 .00047513983087 .001215512900962 .000693181081505 0 .00167572144654 .000328447411518 .000316743931208 .000248998192344 .000308941271067 .000296069635205 .000324990690469 .000315371754244 .000466446542417 .000559126135228 .000434861024649 .000516053461073 .000351390481962 .000347071849939 .000385268864808 .000437011460063 .000721253261601 .000899217228117 .001210306982832 .001334919244517 .001130070311324 .000679643356852 .000884959447063 .000695214530669 .000572536544671 .000311567427044 .000361762496541 .000421400536463 .000438342877309 .000339723988085 .000343344360235 .000266425586333 .000302818624686 .000259536493011 .000233799492673 .000196950346973 .000214842768038 .000194396049095 .000218999372878 .000219225742822 .000206968327122 .000218609209094 .000476457050852 .000557697060428 .000437003955114 .000354016729676 .00033372323935 .000357437036936 .000174155879197 .000180122807135 .000262947176685 .000216756412641 .000222358514534 .000279554494857 .000278160950743 .000274384035826 .000252871982648 .000396305082258 .000434921659196 .000513770260679 .0004087315354 .000291867604702 .000251990372194 .000261175316387 .00026530513482 .00040304451721 .000373050410842 .000337110963423 .001003610969177 .000794737266623 .000275207669267 .00020815127614 .000179533323297 .000182731638071 .000276169713578 .000425425004551 .000229645288282 .000201875714564 .000339146551572 .000311325903814 .000285329799539 .000287597737897
9 .000993867920574 .00041789003014 .00048119041289 .001161521901157 .000493546005421 .00097976689972 .000904662776784 .00167572144654 0 .000395397480892 .000383306575889 .000292061757365 .000375741859866 .000358260862965 .000402110787615 .000388479054788 .000646287794794 .000755908123213 .000586640515547 .000453845444113 .000318063395743 .000437573844472 .000500140643849 .000367323749352 .000563184060702 .001881407806785 .002292159653944 .001365246529459 .00088517286507 .000636506290886 .000969766747065 .000939400169141 .000629224737828 .000378368684182 .000454532473094 .0005547046329 .000565070263315 .000406751138144 .00038800653243 .000311194170708 .000350827858785 .00029332110994 .000258531971146 .000214247405354 .000244342724978 .000219789998938 .000251592481568 .000252201424723 .000235861786487 .000246902715631 .000638198829372 .000794991024331 .00051655259954 .000386471040537 .000412190695501 .000447157618554 .000193002803287 .00019943640588 .000301791292713 .000241133020126 .00024514553008 .000317768757011 .000327584735131 .000325478327827 .000295405373336 .000511754990084 .000580979934464 .000735526473541 .000522118475146 .000353310375322 .00029658263332 .000309064496682 .000314021528918 .000528999000645 .00047894021151 .000421640173404 .000647385642791 .001273990140603 .000303805939542 .000222374921925 .000200801721687 .000205050656175 .000298726198509 .000483507489156 .000263642177241 .000228294335968 .000422412798911 .000380824782968 .000342478497888 .00034713381649
10 .00054835514367 .002064585477633 .002034475542143 .000599445568285 .000449050601764 .000360608201193 .000578549566517 .000328447411518 .000395397480892 0 .002801583069963 .000629338423278 .001320660326215 .000968034068784 .000958835461289 .000665889226655 .000683765791378 .0003792944264 .000623917779532 .000215569767229 .000179437544887 .000648800594359 .000665569775449 .000190627928942 .000232857168687 .000444571504845 .000370608873339 .000316286731414 .000276040521734 .000255648843264 .00030397388956 .00035082936303 .000280121327831 .00042767604206 .000454642562422 .000488670907768 .000397148769304 .000337040879329 .000266372492438 .000336903810218 .000294440750016 .000261351062856 .000228875079866 .000199252973983 .000299744514932 .000329563647888 .00037357565348 .000415205170183 .000445303396074 .000653507490469 .001036738063667 .000785917074361 .000835847541958 .000584835249193 .001583372983357 .001821477496455 .000361713746156 .000397460793942 .001229647416163 .000597335917007 .000567779661683 .001080567602047 .001629385672203 .001079930448946 .000881338606357 .001283952471859 .000987822842637 .000740805339466 .001608109988038 .000579996117636 .000518069907483 .000478315001229 .000432146752194 .000895888659319 .000893164867773 .00083199478036 .000247490153781 .000391816508763 .000235648376795 .000186078421152 .000348258030491 .000337539033369 .000533455715629 .000278358809799 .000701325448417 .000481258845773 .001223461278766 .001033292514833 .000942856290988 .000670406108917
11 .000557116471074 .00119576741254 .00135440184056 .000568742042793 .000393799433223 .000336635578469 .000517640222089 .000316743931208 .000383306575889 .002801583069963 0 .000805748266279 .002464873393946 .001473834575293 .001372171667365 .000843093529525 .000739835845422 .000394769192454 .000693487955424 .000215407555713 .00017967852677 .000787183533063 .000778414328091 .000188803773299 .000230180685439 .000441314082633 .000367264211829 .000313368241966 .000273027701692 .000256469486569 .000304984896762 .000358016684914 .000285684827836 .000487918889831 .000510485499222 .000537698471779 .000425875750323 .000365758410495 .000280435556886 .000376188937509 .000317622188284 .000281512496642 .000244406125382 .000211917921444 .000334734447933 .000372577455744 .000431051403006 .000486523936539 .00051770519371 .000681867317892 .000941620948863 .000732981633985 .000663450670855 .000484625097449 .002893042511687 .002501469505744 .00038619851953 .000415462796962 .001068953992195 .000564280655836 .000512041834116 .000826710591806 .00223502293546 .001668651381381 .001171281277404 .001441798963558 .001054308347798 .000756451847568 .001384344518794 .000719958460912 .000635531682594 .000574354153766 .000506265809157 .001043972832555 .001110367422985 .001096443958139 .00024121812103 .000396413114936 .000249091170473 .000195420039604 .000386296704831 .000377837503398 .000450736380324 .000289394311111 .000826955790219 .000543042308027 .001861643490349 .00159306825775 .001420598587604 .000874128285088
12 .000409300094812 .00048233716557 .000512846469849 .000374390868228 .000265855410992 .00024915557618 .000330672006829 .000248998192344 .000292061757365 .000629338423278 .000805748266279 0 .001104998947108 .001491801788305 .001062097910111 .001046771110068 .000528503903831 .000350518126332 .000554746061751 .000194100488735 .000166297349276 .000792960814309 .000664435427409 .00016880066849 .00020008511403 .000337712694429 .000294550301802 .000260226241528 .0002316523894 .00022766931998 .000262267225661 .000309628719049 .000260432917844 .000606750641971 .000542172845611 .000498898305674 .000406785134844 .000397439528436 .000288672118859 .000497314724717 .000355749520848 .000328452226881 .000283106103309 .000249463982583 .000506456637696 .000691629577325 .000864885094424 .001206901443668 .001225682128123 .000625199944914 .000478705926199 .000428818810763 .000365594802213 .000303222011028 .000870518153697 .000724859892986 .00049659651867 .000472020331411 .000571861142095 .000438069706228 .000372715279326 .000443995264782 .000877853912892 .001467803175028 .00150765289559 .000637143021158 .000573223738234 .000482536441461 .000547520355205 .001176737127325 .001905662003554 .001165310524495 .000843555854172 .00065135941636 .000748504515048 .00094441479444 .000202016265305 .000325954482103 .000270052571302 .000216293432227 .000641190606621 .00067517877916 .000297664709097 .000280569178459 .001078838537738 .000868909047888 .000899823507729 .001207125344228 .001750114783297 .001618706292146
13 .000571012934556 .000817220277997 .000951870689925 .000540739889765 .000349713918323 .000317466164408 .000467728636169 .000308941271067 .000375741859866 .001320660326215 .002464873393946 .001104998947108 0 .003605190250123 .002649064985999 .001235036170786 .000807831373979 .000420450397581 .000794522430892 .000218219635713 .000182220987488 .001052283641829 .000964711831573 .000189171554155 .000230433153547 .000443255678797 .0003689412622 .000314868645236 .000273736508288 .000261269424502 .000310897812705 .000372285424983 .000296849404363 .000591358844653 .000603767647892 .000615454442715 .000471648629975 .000411734949519 .000302875623748 .000439468416331 .000354135357547 .000312553569661 .000267827621762 .000230389713493 .000387329948643 .000430219534199 .000518293738989 .000592043691621 .000599946130891 .000629020446526 .000825813345531 .000675580190397 .000544058609737 .000408707090131 .003958393432342 .002076793892338 .000394610269313 .000409743459617 .000797750033205 .000491690478969 .000438283249974 .000624880547876 .001589628883358 .002413082485782 .001368750516968 .001394638912144 .001063564495582 .000763312061787 .001080510436527 .001010146401237 .000848134925175 .000748806911078 .00063592110282 .001209213861903 .001448438789108 .001706479946723 .000237768509896 .000407660321853 .000269928313841 .000209362181331 .000421745165123 .000422437788109 .000381056702357 .000307819071609 .000864801509938 .00058174734345 .003213765876678 .004274363794546 .002984667985139 .001354183583723
14 .000544141966857 .000666212663838 .000759529019127 .00049683600107 .000320647156997 .000298895997643 .000424814685911 .000296069635205 .000358260862965 .000968034068784 .001473834575293 .001491801788305 .003605190250123 0 .003102496714399 .001601703617291 .000771063719271 .000421403292598 .000791648387782 .000216118604879 .000181265135424 .001191854694009 .001002386543579 .000186523391103 .000226144420266 .000424934839029 .000357160016273 .000306857366146 .000267653138799 .000258542408969 .000306022531845 .000368774985795 .000296776419904 .000664121422946 .000651321569888 .000636934331464 .000485447400236 .00043614314335 .000312828063318 .000487115455727 .000375215220247 .00033231754231 .000282790382469 .000242826165527 .000432528807317 .000485524014283 .000605058087433 .00070294796186 .000681099796654 .000600083298493 .000704896432184 .000600685271711 .00047538575778 .00036717297098 .002037352842204 .001392429815447 .000405143951798 .00041034288642 .000684559407971 .000456568859386 .000403002281293 .000540061841177 .001236261049732 .002357623574324 .001420174431667 .001111178749278 .000920743770449 .000698368877491 .000859071801606 .001332954996756 .001108722359714 .000938033528863 .000758755630401 .001103254434346 .001378864515318 .001958567960414 .000230980368286 .000398722240047 .000281236475296 .000217664590474 .000455456580736 .000465047582036 .000345505727277 .000313242776894 .000880286314589 .000616318328229 .002259755382122 .006041697971129 .007448473992425 .002096710818563
15 .000657331239823 .000683522563578 .000829914640832 .000577475116811 .000337949833152 .000324212022172 .00047148063179 .000324990690469 .000402110787615 .000958835461289 .001372171667365 .001062097910111 .002649064985999 .003102496714399 0 .00217593841507 .001023627901332 .000486258044219 .001060901085204 .000232294690834 .000192465413736 .001744681978659 .001456237796285 .000198408141794 .000243787098316 .000490612448919 .000402874862884 .000340197858206 .000292693135916 .000282029821418 .000339508253535 .000418353262226 .00032760399268 .000755205120812 .000781521937959 .000787862012192 .000567127691183 .000487481029997 .000341364056747 .000517948440142 .000408627765587 .000353259490659 .000296935085326 .000250622758041 .000430266661398 .000446029216262 .0005640472359 .000621877330827 .000569637537832 .000514263654851 .000840468630799 .000711510703969 .000506962698116 .000376931326896 .002423457612177 .001719775101976 .000358365478704 .000363673944454 .000615058553303 .000414760446627 .0003767916013 .000516022377646 .000993633851083 .001398106313778 .000984782147385 .0015008700993 .001237354732665 .000883772694472 .001008663523754 .001444209465766 .000966766668255 .000911536351669 .000779600665837 .001676292794896 .002463137503058 .004735387989709 .000248750810998 .000457465250823 .000300549503925 .000227077512233 .000401082241013 .000413890249527 .000343251728032 .000345390494441 .000689854970364 .000514303683797 .004029897972485 .005658972427773 .002190288309803 .001934599739128
16 .000637158898338 .000523448219849 .000615161197453 .000521210454178 .000301509891951 .000303854081892 .000417250533845 .000315371754244 .000388479054788 .000665889226655 .000843093529525 .001046771110068 .001235036170786 .001601703617291 .00217593841507 0 .000970616022038 .000526885093564 .001130510891271 .000238076783179 .000197703883422 .003220897655951 .001720000844395 .000200620627125 .000245838072017 .000481260145507 .000401552230837 .000342021701758 .000294767033032 .000290570978493 .000348405730303 .000438625505749 .000346656587983 .001129257074859 .001071950875898 .000952823752334 .000661144444596 .000597261435216 .000385750745846 .000679287232843 .000489993730694 .00041784643393 .00034184665376 .000282962003797 .000525944606767 .000500987254138 .000684808565532 .000717904987401 .000575765568839 .000438554185332 .000665144595917 .000603661480384 .000422635175023 .000324790808252 .001148923086623 .000985391081034 .000338815737338 .000334262080989 .000485200309352 .000355468293695 .000323833340863 .000417411182939 .000703921754437 .000958677478034 .000774569635316 .000985124602077 .000939480271518 .000775672539737 .000725844888803 .003475088152071 .001253379187219 .00137447558715 .001178371174696 .001273267124593 .001690358154938 .003027509483948 .000245990260428 .000467862442809 .00034105571133 .000251581783611 .000402634486305 .0004312757646 .000296826686735 .000379779386638 .000586701868637 .000479164729994 .001445534588476 .001734799822975 .001382401740534 .002946862019344
17 .001813771076358 .000611614081669 .000801640189685 .001078818780542 .000395378473318 .000437296455337 .000671373449928 .000466446542417 .000646287794794 .000683765791378 .000739835845422 .000528503903831 .000807831373979 .000771063719271 .001023627901332 .000970616022038 0 .000845164741325 .004001257904281 .000298935184256 .000235264975398 .001321376957805 .002109826275718 .000246018267936 .000319984223796 .00093545348852 .000663736801929 .000509538858386 .000409896848586 .000386159859052 .000505043769871 .000688195622405 .000464888352108 .000747316476273 .001014323864957 .001489306480249 .000923897938528 .000607110564702 .000430500661836 .000498220372752 .000475732726125 .000383252272519 .000317645054128 .000257575914758 .000366098088073 .000331035401012 .000405805831863 .000412675344703 .000369497825856 .000357686256091 .001246195013801 .001283695628799 .000572352311676 .000393460253004 .000947520267182 .001044238221359 .00026613787658 .000271894874163 .000443546610473 .000321460074378 .000310292745836 .000425951320085 .000562123678108 .00060744859553 .000509963556743 .001460181600958 .002174526570355 .003007559520617 .001060545752495 .000771007547481 .000547093454522 .000581387901828 .000579005474403 .002428432852972 .001749241490273 .001199993109681 .000326887408977 .000821705902476 .00034771713995 .000246217348986 .000289710533003 .000300218524038 .000327855806266 .000469474792972 .000418075411004 .000342613877238 .001078955008856 .000879282933038 .000698951073336 .000749822218612
18 .001106147652944 .000364243353499 .000424422498519 .000695828888504 .000319859453012 .000427599475352 .000490764134944 .000559126135228 .000755908123213 .0003792944264 .000394769192454 .000350518126332 .000420450397581 .000421403292598 .000486258044219 .000526885093564 .000845164741325 0 .000892754170851 .000432995184757 .000316379797702 .000627884403123 .000726210511461 .000319693716427 .000443317673911 .001134659769299 .001038534741767 .000816384672482 .000613920211674 .00064272022982 .000964188855711 .002326947825747 .001003390145698 .000638802860664 .000874857063887 .001169882873704 .001892838971788 .000865737046941 .000744589731265 .000498168328157 .000654223884721 .000479235762996 .00039229181115 .000298763675902 .000339012175411 .000273913925377 .000328425871746 .000317092639312 .000275886275817 .00025243637527 .000548280511247 .000615721345903 .000378399964066 .00029189769301 .000449497612706 .000467119296041 .000207112317568 .000208079351301 .000291032002833 .000232904450959 .000227813730938 .000286346207115 .000338623596629 .000361360610585 .000325529282895 .000536286049268 .000615706315389 .000759589133615 .000482888749755 .000484563938892 .000382835419303 .000422160959648 .000452708436493 .000633246027103 .000592410599174 .000536597504561 .000412111241144 .001849282760812 .000494001487641 .000308092132249 .000229031044884 .000240972225259 .000246378282298 .001012180991009 .000285217162541 .000251981040086 .000481975869914 .000448043200672 .000399223392785 .000447040549549
19 .001428669556815 .000547701199599 .000691832082695 .000864061315104 .000359830349852 .000399966133709 .000576424892239 .000434861024649 .000586640515547 .000623917779532 .000693487955424 .000554746061751 .000794522430892 .000791648387782 .001060901085204 .001130510891271 .004001257904281 .000892754170851 0 .000296956090135 .000235094927244 .001712818577452 .003296174991857 .000242571383626 .000312940593124 .0008355424775 .00062264960974 .000489274839494 .000397492397564 .000383510298681 .00049626864379 .00069021320365 .00047321591005 .000916993075119 .001354687801735 .002196151695035 .001092420075273 .000702065619846 .000464601209268 .000568914133737 .000532994221601 .000421425065506 .000343163793718 .000274661042101 .000400519861995 .000351466704258 .000439743135163 .000441530429276 .000383575753224 .00035153742185 .000962940083724 .000971898936221 .000503193014381 .000359933266239 .000895263342184 .000936134314994 .000268097159682 .000271144446755 .000422185620893 .000311135242694 .000297536726794 .000398244333054 .000542063366795 .000606601635976 .000511315369295 .001203297779777 .00154010557202 .001718074124789 .000878493317251 .000886875133634 .00059674741317 .000652608748856 .000662282414733 .002043251312811 .001758776439466 .001312698140755 .000314366487871 .00079031326569 .000374048990846 .000260030034671 .000298062823041 .000312186780787 .000306407630375 .00049659556586 .000418399399641 .000347487140729 .001044333056129 .000896063326784 .000715953448766 .000825531552882
20 .000351036669853 .000218768355609 .0002364665611 .000331883406261 .000247463382146 .000366578931164 .000303515048229 .000516053461073 .000453845444113 .000215569767229 .000215407555713 .000194100488735 .000218219635713 .000216118604879 .000232294690834 .000238076783179 .000298935184256 .000432995184757 .000296956090135 0 .001061314043719 .000256961438411 .000273707810171 .001098875434086 .001499796239109 .000418489363347 .00051444435125 .000670158443237 .000922506973748 .001315310301709 .000731617201084 .000520072462125 .000722278398847 .000262236924738 .000291778433703 .000316049201724 .000360105378484 .000319608116592 .000400061516009 .000244551349888 .000307182180793 .000272567694557 .000257751230732 .000217654088632 .000197885792332 .000169007996954 .000188340500488 .0001834237178 .000168557097614 .000163697205186 .000271395408245 .000295197716488 .000241753601678 .000210802160755 .000227974585767 .000235588179462 .000140937890135 .000142449088236 .000183584674122 .000158744528051 .000159517313795 .000187446553054 .000196560394979 .000200347831731 .000188484234834 .000253190733587 .000270630326856 .000301163379907 .000248893508475 .000228665329773 .00020323355173 .000214321154612 .000223365062927 .00026627213746 .000255825844225 .000242174059303 .000730229357384 .000469492976338 .000325638494411 .000253244077348 .000149804186442 .000154929046131 .000180919189822 .000507805132041 .000174304687743 .000160120675284 .000234116405832 .000223524579204 .000210030112551 .000220281913261
21 .000265209101377 .000181400963617 .000193479408637 .000252867711038 .000202636447415 .000277295356818 .000236389091308 .000351390481962 .000318063395743 .000179437544887 .00017967852677 .000166297349276 .000182220987488 .000181265135424 .000192465413736 .000197703883422 .000235264975398 .000316379797702 .000235094927244 .001061314043719 0 .000210375382081 .00022074941513 .001071401664622 .000675963463332 .000300806998873 .000346873862305 .000410812616666 .000495268759963 .000600096952752 .000437198682859 .000356428753075 .000459018812141 .000217904055236 .000236146195125 .000249349535857 .000278903733225 .000261119888643 .00032724693461 .000209308345316 .000258391235815 .000238095422761 .000232270490671 .000202578820614 .000174694376226 .000149742348525 .000164607379829 .000159930429909 .000147572932003 .000142234559836 .00021634028345 .000231103432093 .000197063982797 .000176468326267 .00018868031707 .000193553608021 .00012527618351 .000126130217585 .000156668174529 .000138175812863 .00013867759376 .00015931436484 .000166425838867 .000169704777408 .000161172761714 .000205257093215 .000216588930416 .000235555786389 .000201903867818 .000191934233857 .000174024455883 .00018279248469 .000190293838091 .000214488968932 .000208051891149 .000199500778812 .000471825744013 .000328496036365 .000286547053409 .00024187176907 .000133123512898 .00013767961936 .000154893270153 .000381036200876 .000150649407403 .000140333271239 .000193159337041 .000186303973704 .000176981196008 .000185300891098
22 .000781753191953 .000527435159647 .000637568586506 .000597891417158 .000316212294184 .000328895799727 .000456482760531 .000347071849939 .000437573844472 .000648800594359 .000787183533063 .000792960814309 .001052283641829 .001191854694009 .001744681978659 .003220897655951 .001321376957805 .000627884403123 .001712818577452 .000256961438411 .000210375382081 0 .003491270782434 .000213946730909 .000266116275213 .000561595564134 .000457494242384 .000382303214114 .000324319580527 .000319240683065 .000390659872046 .000507531277079 .000387124817944 .001246896294077 .001415328082655 .00133035906258 .00081317446536 .000676344704204 .000423455948369 .000685577285626 .000531798791345 .000437335546731 .000353536876356 .000287033075756 .000491281566303 .000441018294647 .000585661389938 .000594791535361 .000488460846315 .000399532660401 .000743627633777 .000689403477012 .000442799573446 .000332544145335 .001078022715672 .000993364847692 .000308260064329 .000306680596776 .000456509514796 .000335109717969 .000310853082348 .000406187440332 .000633156205843 .000792614639424 .000650230224597 .001090906449266 .001120134656733 .000954949019943 .000776053684868 .001834666287157 .000915620675322 .001038126847839 .001003598703403 .001646889290568 .002155633562481 .002736708267583 .000265715044291 .000547075396413 .000362867615833 .000259953001073 .000357895175764 .000381069459509 .000296879951588 .000423818537846 .000509263938742 .000419972834429 .001361063297382 .001354307762988 .001042737260504 .0015415493538
23 .001006763151861 .00055625762231 .000694088645779 .000715770273227 .000340493095056 .000362241182497 .000516698054431 .000385268864808 .000500140643849 .000665569775449 .000778414328091 .000664435427409 .000964711831573 .001002386543579 .001456237796285 .001720000844395 .002109826275718 .000726210511461 .003296174991857 .000273707810171 .00022074941513 .003491270782434 0 .000226286302689 .000286087879768 .000667758310551 .000523718810373 .000426234866735 .000354976899856 .000345629840502 .000433233114875 .000577657723646 .000421305275389 .00105980242956 .00142387287144 .001699712470504 .000922753169655 .000682806523822 .0004381010679 .000617234848144 .000527031033103 .000425180202889 .000345192486853 .000278603753688 .000438959931249 .000391561374725 .000502094651956 .000508614230754 .000433658431683 .000381033014856 .000881003307975 .000832318492508 .000482110683589 .000351468467895 .00106154074653 .00104880148147 .000289594800555 .000291201982455 .000450429631162 .000328342069682 .000309207527934 .000412037315753 .00060563158405 .000713301408774 .000588282066813 .00127406255407 .001447738715234 .001283613134956 .00087545821508 .001202994564978 .000727362273189 .000801556019157 .000794892456677 .002327737911457 .002588927515008 .002052633152178 .000287040129224 .000639233774462 .000364715383691 .000257926488208 .000327448065045 .00034483818187 .000306378170691 .000451933160308 .000468801158381 .000385213520377 .001315359837113 .001158202762032 .000886116042793 .001100562909795
24 .000282886807871 .000195714740802 .000208309955873 .00027933244288 .000233640279066 .000339055344323 .000268127548969 .000437011460063 .000367323749352 .000190627928942 .000188803773299 .00016880066849 .000189171554155 .000186523391103 .000198408141794 .000200620627125 .000246018267936 .000319693716427 .000242571383626 .001098875434086 .001071401664622 .000213946730909 .000226286302689 0 .001049952743273 .000329425762552 .000387826387963 .0004737121186 .000611535655372 .000630503275762 .000472886481121 .000368316665106 .000441354283437 .000214170791334 .000234409314068 .000251725855713 .000276040415532 .000248720622484 .000293309922733 .00020081406304 .00024023994844 .000218402337611 .0002091519801 .000182379733197 .000168184251869 .000147701890389 .00016226047464 .000159200347339 .000148783260897 .000148029249666 .000233574682944 .000251655101275 .000218508203426 .000196766240397 .000197153593022 .00020376189877 .000127899265821 .000129870000783 .000165681566238 .000145598915222 .00014752372464 .000170866323091 .000174099858836 .000175437524407 .00016621450281 .000216698345838 .000229087063009 .00025080399668 .000216126311761 .000193108228323 .000174452264773 .000181925555063 .00018771856917 .000223923487395 .00021569412603 .000204954549157 .000722504610113 .000349896399437 .000251980692183 .0002087613749 .000133901764698 .000137480694089 .000169866659123 .000347637859786 .000155252793088 .000143195372531 .000200906202706 .00019223369522 .000181975679503 .000187907502493
25 .000386168011964 .000239959792938 .000259581112042 .000380205467861 .000289197695623 .000470094844126 .000355756894092 .000721253261601 .000563184060702 .000232857168687 .000230180685439 .00020008511403 .000230433153547 .000226144420266 .000243787098316 .000245838072017 .000319984223796 .000443317673911 .000312940593124 .001499796239109 .000675963463332 .000266116275213 .000286087879768 .001049952743273 0 .000479433895986 .000613683430349 .000858977518375 .001456449146429 .00120419586178 .000819973768941 .000546571790051 .000655407838919 .000261864116134 .000294264546026 .000324764040281 .000360829408897 .000307735128254 .000358345050775 .000238454157187 .000289031573511 .000254277881024 .000237123487081 .000201116910221 .000193883360079 .000169344256763 .000188681761811 .000185455987333 .000172376053439 .000172324705046 .000300307656036 .000330823187221 .000273220587257 .000237524178806 .000242540019903 .000252760447691 .000145488530534 .000148177979261 .000196593211329 .000168842668 .000171063317468 .000203403221346 .000208694688623 .000210355536822 .000197232397954 .000272943123252 .000292824583642 .000329241557447 .000272103680868 .000233965520198 .000207027193039 .00021682350312 .000223994323026 .000283898904732 .000270505500199 .000253385676082 .001422812549685 .000517828461835 .000290917537965 .000225977295759 .000152691173006 .000156916873997 .000199703672714 .000452852305772 .000182040592496 .000165489728176 .000248022292882 .000234668277254 .000219510251893 .000227148469168
26 .001930374408186 .000452397559081 .000540266145298 .001464378390395 .000441401728157 .000670971129486 .000832188861522 .000899217228117 .001881407806785 .000444571504845 .000441314082633 .000337712694429 .000443255678797 .000424934839029 .000490612448919 .000481260145507 .00093545348852 .001134659769299 .0008355424775 .000418489363347 .000300806998873 .000561595564134 .000667758310551 .000329425762552 .000479433895986 0 .00218613582452 .001080101239871 .000714090090422 .000599391273434 .000952345234265 .001298351889475 .000689154986804 .000473605346125 .000599180760623 .000786625946683 .000788724394444 .000508243458538 .000452749258352 .000372030033915 .000420224255453 .000340193181552 .000292395500182 .00023728795233 .000280794804158 .000247765078585 .000289424721953 .000288884700259 .000264878388016 .000268050172627 .000769247949135 .000986726685466 .000521480503049 .000376000756296 .000490858327231 .000533729557858 .000208762047826 .000214353561375 .000326954003684 .000255529104379 .000255715793858 .000335609505288 .000368564728172 .000374469996559 .000334831762249 .000633009475138 .000752124026735 .001050842363638 .000614030449939 .000430295838495 .0003481653205 .000367694318099 .000376273861296 .000690882130479 .000612453680204 .000525668957283 .000502221915538 .002392562925918 .000344516525169 .000242579248402 .000221204944114 .000227629576645 .000297730358673 .000565423698215 .000293430949689 .000252099858217 .000512752427339 .000456628891577 .000402331910472 .000417461559667
