0 90 CityGeoDa PostCode
10434 11362     1.22356263e-06
10434 11251     3.72634536e-06
10434 11257     1.87310939e-06
10434 11361     9.39339755e-07
10434 10446     9.87773444e-07
10434 11252     1.07910189e-06
10434 10677     1.14707619e-06
10434 10432     1.39489848e-06
10434 10683      2.0410967e-06
10434 10438     1.14228971e-06
10434 10681     1.01357204e-06
10434 10433     4.40395067e-06
10434 10682     3.28976552e-06
10434 10439     1.92854788e-06
10434 11473     1.27336398e-06
10434 10440     2.81744874e-06
10435 10553     4.26251319e-06
10435 10552     1.23864141e-06
10435 10436      6.5484049e-06
10435 10437     2.08760816e-06
10435 10438     1.15153305e-06
10435 10441     1.71829629e-06
10435 10431     9.72035624e-07
10435 11851      1.0499427e-06
10435 11854     1.68992241e-06
10435 10554      1.4298597e-06
10436 10559     1.09177908e-06
10436 10553     4.13909073e-06
10436 10551     1.44900568e-06
10436 10552     2.56762013e-06
10436 10435      6.5484049e-06
10436 10677     9.76445768e-07
10436 10437     1.06015607e-05
10436 10432     1.57591224e-06
10436 10438     3.24985677e-06
10436 10441     1.61231581e-06
10436 10431       2.307654e-06
10436 10433     9.24909626e-07
10436 10439     1.41236681e-06
10436 10554     1.83440435e-06
10436 10560      9.0605781e-07
10440 11251     2.14440407e-06
10440 10446     1.34913313e-06
10440 10432     1.16331744e-06
10440 10438     2.00292439e-06
10440 10433     2.52343084e-06
10440 10682     1.16384996e-06
10440 10439     6.32551353e-06
10440 10434     2.81744874e-06
10440 10444     2.52609544e-06
10442 10441     9.37746369e-07
10442 10447     1.18788422e-06
10443 10446     9.59943178e-07
10443 10445     1.47747161e-06
10443 10444     9.15981978e-07
10444 10443     9.15981978e-07
10444 10438     1.14188952e-06
10444 10441     1.38688782e-06
10444 10439     1.81867894e-06
10444 10440     2.52609544e-06
10445 10446     2.80804237e-06
10445 11252     1.46484299e-06
10445 10443     1.47747161e-06
10445 11253     1.78200939e-06
10445 11145     1.00723498e-06
10445 11254     1.27705891e-06
10446 11251     3.53969534e-06
10446 11257     1.62305088e-06
10446 11252     5.25399588e-06
10446 10443     9.59943178e-07
10446 10445     2.80804237e-06
10446 11253     1.86389809e-06
10446 11256     9.40447544e-07
10446 10434     9.87773444e-07
10446 10440     1.34913313e-06
10553 10559      1.4968575e-06
10553 10564     9.19365442e-07
10553 10551        2.50707e-06
10553 10552     3.31778027e-06
10553 10436     4.13909073e-06
10553 10435     4.26251319e-06
10553 10437     2.58601773e-06
10553 10432     9.75793968e-07
10553 10438     1.07482581e-06
10553 10431     1.64853395e-06
10553 11851     1.51203277e-06
10553 10555     2.65489767e-06
10553 10556     1.16624977e-06
10553 10561     1.06769342e-06
10553 11854     1.16762634e-06
10553 10554      7.8488677e-06
10553 10560      1.7441437e-06
10553 10562     9.37089958e-07
10554 10559     3.46571649e-06
10554 10553      7.8488677e-06
10554 10564     1.88285508e-06
10554 10551     8.36969497e-06
10554 10679     1.20218935e-06
10554 10552     6.25734969e-06
10554 10436     1.83440435e-06
10554 10435      1.4298597e-06
10554 10678     1.23291581e-06
10554 10677     1.08987928e-06
10554 10437     1.91640975e-06
10554 10432     1.11156609e-06
10554 10431     2.07878425e-06
10554 10558     1.37189983e-06
10554 11851     1.14266264e-06
10554 10555     4.99532752e-06
10554 10556     2.78439743e-06
10554 10563     2.01810035e-06
10554 10561     2.53786647e-06
10554 10560     6.07560085e-06
10554 10562     2.17218836e-06
10557 10564     1.12805197e-06
10557 10672     1.09572976e-06
10557 11742     1.16389259e-06
10557 10558     2.27301725e-06
10557 10556     2.15444616e-06
10557 11636     1.50229668e-06
10557 11635     1.45661109e-06
10557 10674     3.63154767e-06
10557 10671     2.62021006e-06
10557 10563     3.06290175e-06
10557 10561      1.4571516e-06
10557 10560     1.22102267e-06
10557 10673     1.38471027e-06
10557 10562     2.22547258e-06
10557 10675     1.35794862e-06
10560 10559     1.03282911e-05
10560 10553      1.7441437e-06
10560 10564      7.0175453e-06
10560 10551     1.56688786e-05
10560 10672     1.52531434e-06
10560 10679     2.91207381e-06
10560 10552     4.31307287e-06
10560 10680     1.10730086e-06
10560 10436      9.0605781e-07
10560 10678     2.09797493e-06
10560 10677     1.46219816e-06
10560 10437      1.1675028e-06
10560 10432     1.13116944e-06
10560 10681     9.30668918e-07
10560 10431      1.9450177e-06
10560 10558     1.87347798e-06
10560 10555     2.52691999e-06
10560 10556     5.82296708e-06
10560 10557     1.22102267e-06
10560 10671     1.83381318e-06
10560 10563     8.90824298e-06
10560 10561     1.82701858e-05
10560 10554     6.07560085e-06
10560 10673     1.02039575e-06
10560 10562     1.29973967e-05
10562 10559     5.10649439e-06
10562 10553     9.37089958e-07
10562 10564     9.62548586e-06
10562 10551      4.1508066e-06
10562 10672     2.56545448e-06
10562 10679     3.83598846e-06
10562 10552     1.93886079e-06
10562 10680     1.42051761e-06
10562 10678     1.90126735e-06
10562 10677     1.21717035e-06
10562 10681     1.00477878e-06
10562 10431     1.23471821e-06
10562 10558     2.01689542e-06
10562 10555     1.52834138e-06
10562 10556     5.55838892e-06
10562 10557     2.22547258e-06
10562 10674     1.22926527e-06
10562 10671     4.39619626e-06
10562 10563     5.54797648e-05
10562 10561     3.65021144e-05
10562 10554     2.17218836e-06
10562 10560     1.29973967e-05
10562 10673     1.77676902e-06
10564 10559     1.62400777e-05
10564 10553     9.19365442e-07
10564 10551      5.8731468e-06
10564 10672     4.73470799e-06
10564 10679     2.24238994e-05
10564 10552      2.9576264e-06
10564 10680     3.04391521e-06
10564 10678     6.06704636e-06
10564 10677     2.80995753e-06
10564 10437      1.0174021e-06
10564 10432     1.53104673e-06
10564 10683     1.12551111e-06
10564 10681     2.12062852e-06
10564 10431     2.25261105e-06
10564 10558     9.69795878e-07
10564 10555      9.8730823e-07
10564 10556     1.95470126e-06
10564 10557     1.12805197e-06
10564 10674     9.34637791e-07
10564 10682     1.04781408e-06
10564 10671     3.74267615e-06
10564 10563     4.79736288e-06
10564 10561     3.20239689e-05
10564 10554     1.88285508e-06
10564 10560      7.0175453e-06
10564 10673     2.08574098e-06
10564 10562     9.62548586e-06
10672 10559     2.08957025e-06
10672 10564     4.73470799e-06
10672 10551     1.32002426e-06
10672 10679     9.16581368e-06
10672 10552     9.70995583e-07
10672 10680     1.03741817e-05
10672 10678     2.85731069e-06
10672 10677     1.62120917e-06
10672 11472     1.14907868e-06
10672 10683     1.27805488e-06
10672 11471     1.27522154e-06
10672 10681      2.9584029e-06
10672 10431     9.70470482e-07
10672 10556     9.19062507e-07
10672 10557     1.09572976e-06
10672 10674     1.57095939e-06
10672 10682     9.42095462e-07
10672 11473     9.07873103e-07
10672 10671     8.68399576e-06
10672 10563     1.91103457e-06
10672 10561     3.00953043e-06
10672 10560     1.52531434e-06
10672 10673     1.20762377e-05
10672 10562     2.56545448e-06
10672 10676     1.38855863e-06
10672 10675     1.88918314e-06
10682 10559     1.16414391e-06
10682 10564     1.04781408e-06
10682 10672     9.42095462e-07
10682 10679     1.43998346e-06
10682 10552     1.09043346e-06
10682 10680     1.74603706e-06
10682 10678     3.05984579e-06
10682 10677     5.89728612e-06
10682 10437     1.12475729e-06
10682 10432     4.72856581e-06
10682 11472      1.0288529e-06
10682 10683     1.60100648e-05
10682 10438     1.55300201e-06
10682 10681     4.45136691e-06
10682 10431     2.13213031e-06
10682 10433     9.04541427e-06
10682 10439     1.64787447e-06
10682 11473     2.21803379e-06
10682 10434     3.28976552e-06
10682 10440     1.16384996e-06
11362 11363     1.02451036e-06
11362 11251     1.28745279e-06
11362 11257     3.41984673e-06
11362 11361     5.41468618e-06
11362 11252     1.07855441e-06
11362 11256     9.29660149e-07
11362 11364     1.00679178e-06
11362 11473     1.36862594e-06
11362 11474     3.58283937e-06
11362 10434     1.22356263e-06
10683 10559     1.09063153e-06
10683 10564     1.12551111e-06
10683 10672     1.27805488e-06
10683 10679     1.72317641e-06
10683 10680     2.93374748e-06
10683 10678     3.09329456e-06
10683 10677     4.17487593e-06
10683 10432     2.37192517e-06
10683 11472     1.83517904e-06
10683 10438     9.27253605e-07
10683 10681     1.08647696e-05
10683 10431     1.44792555e-06
10683 10433      2.9517787e-06
10683 10682     1.60100648e-05
10683 10439     9.44587542e-07
10683 11473     4.82308227e-06
10683 11474     1.19338162e-06
10683 10434      2.0410967e-06
11141 11255     1.73004119e-06
11141 11144     2.24938876e-06
11141 11143     1.20752722e-06
11141 11142      1.1263875e-06
11142 11141      1.1263875e-06
11142 11143     1.14790153e-06
10680 10559      1.8524933e-06
10680 10564     3.04391521e-06
10680 10551     1.16213298e-06
10680 10672     1.03741817e-05
10680 10679     7.48957214e-06
10680 10552     9.86773721e-07
10680 10678     4.64675606e-06
10680 10677     2.71224434e-06
10680 10432     1.25470165e-06
10680 11472     2.00315358e-06
10680 10683     2.93374748e-06
10680 11471     1.55475037e-06
10680 10681     1.21889717e-05
10680 10431     1.19007688e-06
10680 10433     9.11927631e-07
10680 10682     1.74603706e-06
10680 11473     1.76985524e-06
10680 10671     2.37637441e-06
10680 10563     1.08730099e-06
10680 10561     1.83414952e-06
10680 10560     1.10730086e-06
10680 10673     3.36600039e-06
10680 10562     1.42051761e-06
10680 10676     1.00721036e-06
10680 10675     1.07770735e-06
10681 10559      1.7301715e-06
10681 10564     2.12062852e-06
10681 10551     1.12686876e-06
10681 10672      2.9584029e-06
10681 10679     4.21330286e-06
10681 10552     1.09998455e-06
10681 10680     1.21889717e-05
10681 10678     6.70254568e-06
10681 10677     5.41836378e-06
10681 10432     2.09594739e-06
10681 11472     2.02741395e-06
10681 10683     1.08647696e-05
10681 11471     1.12318119e-06
10681 10431     1.62323539e-06
10681 10433     1.64766268e-06
10681 10682     4.45136691e-06
10681 11473     2.88902248e-06
10681 10671     1.21123872e-06
10681 10561     1.34143364e-06
10681 10560     9.30668918e-07
10681 10673     1.44719592e-06
10681 10562     1.00477878e-06
10681 10434     1.01357204e-06
11143 11144     1.10240076e-06
11143 11141     1.20752722e-06
11143 11142     1.14790153e-06
11144 11145     2.02439555e-06
11144 11254     2.12124412e-06
11144 11255     1.45008767e-06
11144 11141     2.24938876e-06
11144 11143     1.10240076e-06
11251 11362     1.28745279e-06
11251 11257     5.72435735e-06
11251 11361     1.68571763e-06
11251 10446     3.53969534e-06
11251 11252     4.77918984e-06
11251 11253     1.16661869e-06
11251 11256     9.06961445e-07
11251 10433     1.10426967e-06
11251 10439     9.73629552e-07
11251 10434     3.72634536e-06
11251 10440     2.14440407e-06
11252 11362     1.07855441e-06
11252 11251     4.77918984e-06
11252 11257     5.30472673e-06
11252 11361     2.41009386e-06
11252 10446     5.25399588e-06
11252 10445     1.46484299e-06
11252 11253     4.55700393e-06
11252 11256     2.39031478e-06
11252 11254     1.12343704e-06
11252 10434     1.07910189e-06
11253 11251     1.16661869e-06
11253 11257     1.58621767e-06
11253 11361      1.5256768e-06
11253 10446     1.86389809e-06
11253 11252     4.55700393e-06
11253 10445     1.78200939e-06
11253 11256     6.89242221e-06
11253 11364     1.00499293e-06
11253 11254      4.3834105e-06
11253 11255     1.41992271e-06
11254 11252     1.12343704e-06
11254 10445     1.27705891e-06
11254 11253      4.3834105e-06
11254 11256     2.68638162e-06
11254 11145     1.38785732e-06
11254 11255     2.65050785e-06
11254 11144     2.12124412e-06
11255 11253     1.41992271e-06
11255 11256     2.58445578e-06
11255 11364     2.02331656e-06
11255 11254     2.65050785e-06
11255 11144     1.45008767e-06
11255 11141     1.73004119e-06
11256 11362     9.29660149e-07
11256 11251     9.06961445e-07
11256 11257     1.71559101e-06
11256 11361     2.68714325e-06
11256 10446     9.40447544e-07
11256 11252     2.39031478e-06
11256 11253     6.89242221e-06
11256 11364     2.63006989e-06
11256 11254     2.68638162e-06
11256 11255     2.58445578e-06
11361 11363     9.69610185e-07
11361 11362     5.41468618e-06
11361 11251     1.68571763e-06
11361 11257      8.0156816e-06
11361 11252     2.41009386e-06
11361 11253      1.5256768e-06
11361 11256     2.68714325e-06
11361 11364     1.91327528e-06
11361 11474     1.09380184e-06
11361 10434     9.39339755e-07
11364 11363     2.05658442e-06
11364 11362     1.00679178e-06
11364 11361     1.91327528e-06
11364 11253     1.00499293e-06
11364 11256     2.63006989e-06
11364 11255     2.02331656e-06
11471 10672     1.27522154e-06
11471 10680     1.55475037e-06
11471 11521     2.18199785e-06
11471 11472     5.03326385e-06
11471 10681     1.12318119e-06
11471 11473      1.4160324e-06
11471 11475     1.30948651e-06
11471 10673     1.49997543e-06
11471 10676     2.25332384e-06
11471 10675     1.21720829e-06
11471 11474     9.09158773e-07
11472 10672     1.14907868e-06
11472 10680     2.00315358e-06
11472 11521     9.06136754e-07
11472 10683     1.83517904e-06
11472 11471     5.03326385e-06
11472 10681     2.02741395e-06
11472 10682      1.0288529e-06
11472 11473     6.20241356e-06
11472 11475     1.66234928e-06
11472 10673     9.99382607e-07
11472 11474     2.35679998e-06
11473 10672     9.07873103e-07
11473 10680     1.76985524e-06
11473 11362     1.36862594e-06
11473 10678      1.0834602e-06
11473 10677     1.15489883e-06
11473 11472     6.20241356e-06
11473 10683     4.82308227e-06
11473 11471      1.4160324e-06
11473 10681     2.88902248e-06
11473 10433      1.0479812e-06
11473 10682     2.21803379e-06
11473 11475     1.05029088e-06
11473 11474     4.07451659e-06
11473 10434     1.27336398e-06
11474 11362     3.58283937e-06
11474 11257     9.54016474e-07
11474 11361     1.09380184e-06
11474 11472     2.35679998e-06
11474 10683     1.19338162e-06
11474 11471     9.09158773e-07
11474 11473     4.07451659e-06
11474 11475     2.02362055e-06
11475 11476     1.10126454e-06
11475 11521     1.08440885e-06
11475 11472     1.66234928e-06
11475 11471     1.30948651e-06
11475 11473     1.05029088e-06
11475 11523     1.01315257e-06
11475 11522     4.80627573e-06
11475 11474     2.02362055e-06
11476 11363     2.81914657e-06
11476 11524     1.92233806e-06
11476 11475     1.10126454e-06
11476 11522     1.45634482e-06
11521 11472     9.06136754e-07
11521 11471     2.18199785e-06
11521 11528      1.0701608e-06
11521 11523     9.16849688e-07
11521 11475     1.08440885e-06
11521 11522     1.05413393e-06
11521 10676     1.46362826e-06
11522 11524     1.24514557e-06
11522 11476     1.45634482e-06
11522 11521     1.05413393e-06
11522 11523     3.18914195e-06
11522 11475     4.80627573e-06
11523 11524     1.47444336e-06
11523 11521     9.16849688e-07
11523 11475     1.01315257e-06
11523 11522     3.18914195e-06
11523 11526     3.36680619e-06
11526 11524     1.49408741e-06
11526 11527     1.55910906e-06
11526 11523     3.36680619e-06
11527 11525      9.0584744e-07
11527 11526     1.55910906e-06
11528 11521      1.0701608e-06
11528 11634     1.19829073e-06
11633 11632     1.48464858e-06
11633 11635     2.46001231e-06
11633 11634     2.70855404e-06
11634 11633     2.70855404e-06
11634 11635     5.65324846e-06
11634 10674     1.77045957e-06
11634 11528     1.19829073e-06
11634 10676     1.42984803e-06
11634 10675     1.80553745e-06
11635 11632     9.75652868e-07
11635 11636     1.74147613e-06
11635 10557     1.45661109e-06
11635 11633     2.46001231e-06
11635 10674     2.81080838e-06
11635 11634     5.65324846e-06
11635 10676     9.70144537e-07
11635 10675     1.61866046e-06
11636 11743     1.94069515e-06
11636 11632     1.94537516e-06
11636 11631     1.78743828e-06
11636 11742     9.25887142e-07
11636 10557     1.50229668e-06
11636 11635     1.74147613e-06
11636 10674     9.09294673e-07
11741 11743     9.41208857e-07
11741 11745     1.00161865e-06
11741 11742     2.14946252e-06
11741 10558     9.94488784e-07
11741 11852      1.7172117e-06
11741 11851      1.3222882e-06
11741 10555     9.57485738e-07
10438 10559     1.04051213e-06
10438 10553     1.07482581e-06
10438 10551     1.08873584e-06
10438 10552     1.85359459e-06
10438 10436     3.24985677e-06
10438 10435     1.15153305e-06
10438 10678     1.19912689e-06
10438 10677     1.83646934e-06
10438 10437      8.2142991e-06
10438 10432     4.89301483e-06
10438 10683     9.27253605e-07
10438 10441     1.10851154e-06
10438 10431     3.63011585e-06
10438 10433     3.63540116e-06
10438 10682     1.55300201e-06
10438 10439     1.04685931e-05
10438 10434     1.14228971e-06
10438 10440     2.00292439e-06
10438 10444     1.14188952e-06
10439 10552     9.67322992e-07
10439 10436     1.41236681e-06
10439 11251     9.73629552e-07
10439 10677     1.31719206e-06
10439 10437     2.31114505e-06
10439 10432     2.75205287e-06
10439 10683     9.44587542e-07
10439 10438     1.04685931e-05
10439 10441     9.37421025e-07
10439 10431     1.69832815e-06
10439 10433     4.99062337e-06
10439 10682     1.64787447e-06
10439 10434     1.92854788e-06
10439 10440     6.32551353e-06
10439 10444     1.81867894e-06
10441 10436     1.61231581e-06
10441 10435     1.71829629e-06
10441 10437     1.02278005e-06
10441 10438     1.10851154e-06
10441 10447     1.56558311e-06
10441 10439     9.37421025e-07
10441 10444     1.38688782e-06
10441 10442     9.37746369e-07
10447 11855      1.5322845e-06
10447 10441     1.56558311e-06
10447 10442     1.18788422e-06
10551 10559     2.68727901e-05
10551 10553        2.50707e-06
10551 10564      5.8731468e-06
10551 10672     1.32002426e-06
10551 10679     3.02364459e-06
10551 10552      1.8733884e-05
10551 10680     1.16213298e-06
10551 10436     1.44900568e-06
10551 10678     3.17366998e-06
10551 10677     2.38950212e-06
10551 10437     2.17744563e-06
10551 10432     1.98459233e-06
10551 10438     1.08873584e-06
10551 10681     1.12686876e-06
10551 10431     4.46616064e-06
10551 10558     1.08698189e-06
10551 10555     1.88260265e-06
10551 10556     2.38059198e-06
10551 10671      1.2556578e-06
10551 10563      2.9972384e-06
10551 10561     7.28854849e-06
10551 10554     8.36969497e-06
10551 10560     1.56688786e-05
10551 10562      4.1508066e-06
10552 10559     8.99979523e-06
10552 10553     3.31778027e-06
10552 10564      2.9576264e-06
10552 10551      1.8733884e-05
10552 10672     9.70995583e-07
10552 10679     2.08672657e-06
10552 10680     9.86773721e-07
10552 10436     2.56762013e-06
10552 10435     1.23864141e-06
10552 10678     3.06327596e-06
10552 10677     2.98477373e-06
10552 10437     5.00648216e-06
10552 10432     3.30945896e-06
10552 10438     1.85359459e-06
10552 10681     1.09998455e-06
10552 10431     1.14785465e-05
10552 10555     1.40783293e-06
10552 10556      1.3571921e-06
10552 10433     1.16775135e-06
10552 10682     1.09043346e-06
10552 10439     9.67322992e-07
10552 10563     1.52941887e-06
10552 10561     2.92356031e-06
10552 10554     6.25734969e-06
10552 10560     4.31307287e-06
10552 10562     1.93886079e-06
11744 11743     1.33702027e-06
11744 11745     3.15656868e-06
11745 11743     9.39115394e-07
11745 11741     1.00161865e-06
11745 11744     3.15656868e-06
11851 10553     1.51203277e-06
11851 10435      1.0499427e-06
11851 11741      1.3222882e-06
11851 11852     1.34747788e-06
11851 11853     9.45795995e-07
11851 10555     2.32582053e-06
11851 11854     3.02154521e-06
11851 10554     1.14266264e-06
11852 11741      1.7172117e-06
11852 11853     3.53980528e-06
11852 11851     1.34747788e-06
11853 11852     3.53980528e-06
11853 11851     9.45795995e-07
11853 11854     1.14612691e-06
11854 10553     1.16762634e-06
11854 10435     1.68992241e-06
11854 11853     1.14612691e-06
11854 11851     3.02154521e-06
10555 10559     1.25304037e-06
10555 10553     2.65489767e-06
10555 10564      9.8730823e-07
10555 10551     1.88260265e-06
10555 10552     1.40783293e-06
10555 11741     9.57485738e-07
10555 11742     1.51589922e-06
10555 10558     3.20086836e-06
10555 11851     2.32582053e-06
10555 10556     4.46812282e-06
10555 10563      1.7551917e-06
10555 10561     1.38274632e-06
10555 10554     4.99532752e-06
10555 10560     2.52691999e-06
10555 10562     1.52834138e-06
10556 10559     1.91392526e-06
10556 10553     1.16624977e-06
10556 10564     1.95470126e-06
10556 10551     2.38059198e-06
10556 10672     9.19062507e-07
10556 10679     1.17993286e-06
10556 10552      1.3571921e-06
10556 11742     1.79778517e-06
10556 10558     9.99458309e-06
10556 10555     4.46812282e-06
10556 10557     2.15444616e-06
10556 10671     1.43554407e-06
10556 10563     9.59505555e-06
10556 10561     3.44792748e-06
10556 10554     2.78439743e-06
10556 10560     5.82296708e-06
10556 10562     5.55838892e-06
10558 10559     9.26352921e-07
10558 10564     9.69795878e-07
10558 10551     1.08698189e-06
10558 11743      9.9699042e-07
10558 11741     9.94488784e-07
10558 11742     5.30085823e-06
10558 10555     3.20086836e-06
10558 10556     9.99458309e-06
10558 10557     2.27301725e-06
10558 10671     9.42808524e-07
10558 10563     2.98300422e-06
10558 10561     1.41678956e-06
10558 10554     1.37189983e-06
10558 10560     1.87347798e-06
10558 10562     2.01689542e-06
10431 10559     4.76200869e-06
10431 10553     1.64853395e-06
10431 10564     2.25261105e-06
10431 10551     4.46616064e-06
10431 10672     9.70470482e-07
10431 10679     2.11305442e-06
10431 10552     1.14785465e-05
10431 10680     1.19007688e-06
10431 10436       2.307654e-06
10431 10435     9.72035624e-07
10431 10678     4.86784913e-06
10431 10677     7.69119787e-06
10431 10437     7.22118271e-06
10431 10432     1.53893904e-05
10431 10683     1.44792555e-06
10431 10438     3.63011585e-06
10431 10681     1.62323539e-06
10431 10433      2.5165692e-06
10431 10682     2.13213031e-06
10431 10439     1.69832815e-06
10431 10563     9.74473241e-07
10431 10561     1.81701668e-06
10431 10554     2.07878425e-06
10431 10560      1.9450177e-06
10431 10562     1.23471821e-06
10432 10559     2.36629459e-06
10432 10553     9.75793968e-07
10432 10564     1.53104673e-06
10432 10551     1.98459233e-06
10432 10679     1.71628114e-06
10432 10552     3.30945896e-06
10432 10680     1.25470165e-06
10432 10436     1.57591224e-06
10432 10678     4.45972387e-06
10432 10677      1.2177662e-05
10432 10437      4.1719998e-06
10432 10683     2.37192517e-06
10432 10438     4.89301483e-06
10432 10681     2.09594739e-06
10432 10431     1.53893904e-05
10432 10433     6.99489771e-06
10432 10682     4.72856581e-06
10432 10439     2.75205287e-06
10432 10561     1.17774179e-06
10432 10554     1.11156609e-06
10432 10560     1.13116944e-06
10432 10434     1.39489848e-06
10432 10440     1.16331744e-06
10433 10559      9.8044519e-07
10433 10679     9.29851923e-07
10433 10552     1.16775135e-06
10433 10680     9.11927631e-07
10433 10436     9.24909626e-07
10433 11251     1.10426967e-06
10433 10678     1.81307351e-06
10433 10677     3.44992717e-06
10433 10437     1.74309406e-06
10433 10432     6.99489771e-06
10433 10683      2.9517787e-06
10433 10438     3.63540116e-06
10433 10681     1.64766268e-06
10433 10431      2.5165692e-06
10433 10682     9.04541427e-06
10433 10439     4.99062337e-06
10433 11473      1.0479812e-06
10433 10434     4.40395067e-06
10433 10440     2.52343084e-06
10437 10559     1.76430218e-06
10437 10553     2.58601773e-06
10437 10564      1.0174021e-06
10437 10551     2.17744563e-06
10437 10679     9.10852193e-07
10437 10552     5.00648216e-06
10437 10436     1.06015607e-05
10437 10435     2.08760816e-06
10437 10678     1.46793519e-06
10437 10677     1.96894237e-06
10437 10432      4.1719998e-06
10437 10438      8.2142991e-06
10437 10441     1.02278005e-06
10437 10431     7.22118271e-06
10437 10433     1.74309406e-06
10437 10682     1.12475729e-06
10437 10439     2.31114505e-06
10437 10561     9.52616548e-07
10437 10554     1.91640975e-06
10437 10560      1.1675028e-06
10673 10559     1.13499867e-06
10673 10564     2.08574098e-06
10673 10672     1.20762377e-05
10673 10679       2.704961e-06
10673 10680     3.36600039e-06
10673 10678     1.29367512e-06
10673 11472     9.99382607e-07
10673 11471     1.49997543e-06
10673 10681     1.44719592e-06
10673 10557     1.38471027e-06
10673 10674     3.22802364e-06
10673 10671     1.14677913e-05
10673 10563     1.52570108e-06
10673 10561     1.72550068e-06
10673 10560     1.02039575e-06
10673 10562     1.77676902e-06
10673 10676      2.8628481e-06
10673 10675     5.16944515e-06
10674 10564     9.34637791e-07
10674 10672     1.57095939e-06
10674 10679     9.08306324e-07
10674 11636     9.09294673e-07
10674 10557     3.63154767e-06
10674 11635     2.81080838e-06
10674 11634     1.77045957e-06
10674 10671     3.62103856e-06
10674 10563      1.3093866e-06
10674 10561     9.85811109e-07
10674 10673     3.22802364e-06
10674 10562     1.22926527e-06
10674 10676     2.16688182e-06
10674 10675     8.06221137e-06
10675 10672     1.88918314e-06
10675 10679     9.20970829e-07
10675 10680     1.07770735e-06
10675 11471     1.21720829e-06
10675 10557     1.35794862e-06
10675 11635     1.61866046e-06
10675 10674     8.06221137e-06
10675 11634     1.80553745e-06
10675 10671     2.78156578e-06
10675 10673     5.16944515e-06
10675 10676     9.24799231e-06
10676 10672     1.38855863e-06
10676 10680     1.00721036e-06
10676 11521     1.46362826e-06
10676 11471     2.25332384e-06
10676 11635     9.70144537e-07
10676 10674     2.16688182e-06
10676 11634     1.42984803e-06
10676 10671     1.41322597e-06
10676 10673      2.8628481e-06
10676 10675     9.24799231e-06
10677 10559     3.75829817e-06
10677 10564     2.80995753e-06
10677 10551     2.38950212e-06
10677 10672     1.62120917e-06
10677 10679     3.94564327e-06
10677 10552     2.98477373e-06
10677 10680     2.71224434e-06
10677 10436     9.76445768e-07
10677 10678     2.34973381e-05
10677 10437     1.96894237e-06
10677 10432      1.2177662e-05
10677 10683     4.17487593e-06
10677 10438     1.83646934e-06
10677 10681     5.41836378e-06
10677 10431     7.69119787e-06
10677 10433     3.44992717e-06
10677 10682     5.89728612e-06
10677 10439     1.31719206e-06
10677 11473     1.15489883e-06
10677 10671     9.41867041e-07
10677 10563     9.27811101e-07
10677 10561      1.8134268e-06
10677 10554     1.08987928e-06
10677 10560     1.46219816e-06
10677 10562     1.21717035e-06
10677 10434     1.14707619e-06
10678 10559     6.56089574e-06
10678 10564     6.06704636e-06
10678 10551     3.17366998e-06
10678 10672     2.85731069e-06
10678 10679     1.13164319e-05
10678 10552     3.06327596e-06
10678 10680     4.64675606e-06
10678 10677     2.34973381e-05
10678 10437     1.46793519e-06
10678 10432     4.45972387e-06
10678 10683     3.09329456e-06
10678 10438     1.19912689e-06
10678 10681     6.70254568e-06
10678 10431     4.86784913e-06
10678 10433     1.81307351e-06
10678 10682     3.05984579e-06
10678 11473      1.0834602e-06
10678 10671     1.47170251e-06
10678 10563     1.35497292e-06
10678 10561     3.11687402e-06
10678 10554     1.23291581e-06
10678 10560     2.09797493e-06
10678 10673     1.29367512e-06
10678 10562     1.90126735e-06
10679 10559     6.75469531e-06
10679 10564     2.24238994e-05
10679 10551     3.02364459e-06
10679 10672     9.16581368e-06
10679 10552     2.08672657e-06
10679 10680     7.48957214e-06
10679 10678     1.13164319e-05
10679 10677     3.94564327e-06
10679 10437     9.10852193e-07
10679 10432     1.71628114e-06
10679 10683     1.72317641e-06
10679 10681     4.21330286e-06
10679 10431     2.11305442e-06
10679 10556     1.17993286e-06
10679 10674     9.08306324e-07
10679 10433     9.29851923e-07
10679 10682     1.43998346e-06
10679 10671     3.59999852e-06
10679 10563     2.43080237e-06
10679 10561     6.76875505e-06
10679 10554     1.20218935e-06
10679 10560     2.91207381e-06
10679 10673       2.704961e-06
10679 10562     3.83598846e-06
10679 10675     9.20970829e-07
11145 10445     1.00723498e-06
11145 11254     1.38785732e-06
11145 11144     2.02439555e-06
11257 11362     3.41984673e-06
11257 11251     5.72435735e-06
11257 11361      8.0156816e-06
11257 10446     1.62305088e-06
11257 11252     5.30472673e-06
11257 11253     1.58621767e-06
11257 11256     1.71559101e-06
11257 11474     9.54016474e-07
11257 10434     1.87310939e-06
11524 11476     1.92233806e-06
11524 11523     1.47444336e-06
11524 11522     1.24514557e-06
11524 11526     1.49408741e-06
11525 11527      9.0584744e-07
11631 11743     1.26919755e-06
11631 11632     4.29762244e-06
11631 11636     1.78743828e-06
11632 11631     4.29762244e-06
11632 11636     1.94537516e-06
11632 11633     1.48464858e-06
11632 11635     9.75652868e-07
11855 10447      1.5322845e-06
11363 11362     1.02451036e-06
11363 11476     2.81914657e-06
11363 11361     9.69610185e-07
11363 11364     2.05658442e-06
11742 11743     2.33308886e-06
11742 11741     2.14946252e-06
11742 10558     5.30085823e-06
11742 10555     1.51589922e-06
11742 10556     1.79778517e-06
11742 11636     9.25887142e-07
11742 10557     1.16389259e-06
11742 10563     9.84673675e-07
11743 11741     9.41208857e-07
11743 11631     1.26919755e-06
11743 11744     1.33702027e-06
11743 11745     9.39115394e-07
11743 11742     2.33308886e-06
11743 10558      9.9699042e-07
11743 11636     1.94069515e-06
10559 10553      1.4968575e-06
10559 10564     1.62400777e-05
10559 10551     2.68727901e-05
10559 10672     2.08957025e-06
10559 10679     6.75469531e-06
10559 10552     8.99979523e-06
10559 10680      1.8524933e-06
10559 10436     1.09177908e-06
10559 10678     6.56089574e-06
10559 10677     3.75829817e-06
10559 10437     1.76430218e-06
10559 10432     2.36629459e-06
10559 10683     1.09063153e-06
10559 10438     1.04051213e-06
10559 10681      1.7301715e-06
10559 10431     4.76200869e-06
10559 10558     9.26352921e-07
10559 10555     1.25304037e-06
10559 10556     1.91392526e-06
10559 10433      9.8044519e-07
10559 10682     1.16414391e-06
10559 10671     1.73301838e-06
10559 10563      3.1824172e-06
10559 10561     1.24163626e-05
10559 10554     3.46571649e-06
10559 10560     1.03282911e-05
10559 10673     1.13499867e-06
10559 10562     5.10649439e-06
10561 10559     1.24163626e-05
10561 10553     1.06769342e-06
10561 10564     3.20239689e-05
10561 10551     7.28854849e-06
10561 10672     3.00953043e-06
10561 10679     6.76875505e-06
10561 10552     2.92356031e-06
10561 10680     1.83414952e-06
10561 10678     3.11687402e-06
10561 10677      1.8134268e-06
10561 10437     9.52616548e-07
10561 10432     1.17774179e-06
10561 10681     1.34143364e-06
10561 10431     1.81701668e-06
10561 10558     1.41678956e-06
10561 10555     1.38274632e-06
10561 10556     3.44792748e-06
10561 10557      1.4571516e-06
10561 10674     9.85811109e-07
10561 10671     3.60260818e-06
10561 10563     1.14451625e-05
10561 10554     2.53786647e-06
10561 10560     1.82701858e-05
10561 10673     1.72550068e-06
10561 10562     3.65021144e-05
10563 10559      3.1824172e-06
10563 10564     4.79736288e-06
10563 10551      2.9972384e-06
10563 10672     1.91103457e-06
10563 10679     2.43080237e-06
10563 10552     1.52941887e-06
10563 10680     1.08730099e-06
10563 10678     1.35497292e-06
10563 10677     9.27811101e-07
10563 10431     9.74473241e-07
10563 11742     9.84673675e-07
10563 10558     2.98300422e-06
10563 10555      1.7551917e-06
10563 10556     9.59505555e-06
10563 10557     3.06290175e-06
10563 10674      1.3093866e-06
10563 10671     3.70467501e-06
10563 10561     1.14451625e-05
10563 10554     2.01810035e-06
10563 10560     8.90824298e-06
10563 10673     1.52570108e-06
10563 10562     5.54797648e-05
10671 10559     1.73301838e-06
10671 10564     3.74267615e-06
10671 10551      1.2556578e-06
10671 10672     8.68399576e-06
10671 10679     3.59999852e-06
10671 10680     2.37637441e-06
10671 10678     1.47170251e-06
10671 10677     9.41867041e-07
10671 10681     1.21123872e-06
10671 10558     9.42808524e-07
10671 10556     1.43554407e-06
10671 10557     2.62021006e-06
10671 10674     3.62103856e-06
10671 10563     3.70467501e-06
10671 10561     3.60260818e-06
10671 10560     1.83381318e-06
10671 10673     1.14677913e-05
10671 10562     4.39619626e-06
10671 10676     1.41322597e-06
10671 10675     2.78156578e-06
